employee_id,is_promoted
8724,0
74430,0
72255,0
38562,0
64486,0
46232,0
54542,0
67269,0
66174,0
76303,0
60245,0
42639,0
30963,0
54055,0
42996,0
12737,0
27561,0
26622,0
31582,0
29793,0
72735,0
5677,0
60889,0
51498,0
8566,0
53151,0
16203,0
61083,0
74849,0
13259,0
72407,0
65237,0
67672,0
77460,0
67317,0
68788,0
36834,0
64281,0
1822,0
55325,0
41432,0
52061,0
39973,0
42524,0
7935,0
49940,0
10059,0
44159,0
76691,0
3720,0
5621,0
24147,0
33997,0
64076,0
21379,0
23714,0
19866,0
4529,0
64703,0
19649,0
6596,0
7999,0
4762,0
5387,0
24620,0
57989,0
75619,0
26977,0
65975,0
51302,0
63714,0
70556,0
70117,0
51972,0
60572,0
9548,0
64,0
35510,0
10732,1
9214,0
10761,0
32110,0
50038,0
1555,0
21200,0
50380,0
45009,0
65450,0
77333,0
2347,0
8443,0
39490,0
69077,0
64652,0
5254,0
71131,0
19620,0
41266,0
11001,0
28530,0
72481,0
67417,0
51840,0
43223,0
40287,0
29367,0
36352,0
29681,0
30233,0
66601,0
40276,0
1522,0
17936,0
26270,0
6837,0
49665,0
1908,0
6474,0
27495,0
24324,0
14299,0
56246,0
3901,1
41566,0
55735,1
53627,0
62683,0
42719,0
44948,0
26037,0
30607,0
46103,0
6452,0
47286,0
44117,0
1367,0
26228,0
65694,0
2721,0
63901,0
4701,0
35341,0
3203,0
10361,0
6572,0
70408,0
11774,0
37873,0
3886,0
23347,0
3034,0
30137,1
52431,0
11061,0
9706,0
17607,0
64986,0
8082,0
20982,0
5794,0
69381,0
50176,0
1612,0
48923,0
50366,0
48813,0
5574,0
57601,0
26788,0
564,0
3864,0
19598,0
19513,0
74965,0
42353,0
13367,0
38556,0
51344,0
28320,0
56104,0
68882,0
75800,0
13223,0
62740,0
67233,0
49207,0
19053,0
38096,0
46519,0
2111,1
69413,0
53827,0
40064,0
33502,0
15182,0
13593,0
15613,0
75751,0
71625,0
37763,0
10812,0
67357,0
49583,0
45428,0
9978,0
44266,0
47252,0
57884,0
24334,0
58892,0
40799,0
33879,0
24403,0
51150,0
7722,0
71271,0
56772,0
65909,0
8228,0
52138,0
22999,0
29196,0
10663,0
65651,0
17973,0
10986,0
19355,0
75402,0
52587,0
41662,0
73944,0
3987,0
40057,0
76195,0
12411,0
15161,0
59084,0
53857,0
42772,0
5294,0
56439,0
29998,0
76599,0
27424,0
45605,0
75833,0
57068,0
70129,0
14733,0
71886,0
7561,0
59522,0
44299,0
29220,0
15869,0
51270,0
14778,0
19212,0
70890,1
31183,0
46628,0
44670,0
70734,1
47051,0
17760,0
8180,0
24756,0
56780,0
59919,0
18924,0
42477,0
50900,0
11824,0
51740,0
51364,0
64265,0
46233,0
41215,0
47172,0
53542,0
2121,0
77677,0
38018,0
29799,0
565,0
33473,0
14628,0
46339,0
6352,0
63568,0
15317,0
63035,0
22942,0
62212,1
49252,0
38520,0
65459,0
69109,0
67985,0
74040,0
31049,0
55523,0
40579,0
40211,0
41982,0
24286,0
53696,0
47130,0
25340,0
16794,0
10399,0
9095,0
60624,0
30188,0
19292,0
58780,0
33674,0
17128,0
28127,0
42650,0
58393,1
72037,0
33736,0
51260,0
21326,0
7784,0
33540,0
14669,0
53267,0
51294,0
4208,0
64266,0
57995,0
76317,0
32169,0
22403,0
18775,0
7007,0
58836,0
67403,0
34371,0
17603,0
72636,0
44193,0
41162,0
42939,0
37227,0
34986,0
10473,0
42833,0
39224,1
34148,0
65558,0
63986,0
31641,0
45087,0
63354,0
41610,0
10376,0
11414,0
32884,0
71007,0
43891,0
26769,0
23022,0
56684,0
24951,0
8810,0
77266,0
33334,0
29911,0
42142,0
29467,0
11784,0
29776,0
10563,0
6736,0
441,0
14980,0
13549,0
1348,0
14948,0
12723,0
22827,0
30527,0
38928,0
17420,0
72878,0
43657,0
38588,0
55236,0
339,0
30270,0
52076,0
36458,0
27999,0
57114,0
25603,0
71930,0
23945,0
22469,0
34891,0
17506,0
32124,0
48160,0
30792,0
76840,0
27844,0
32595,0
68808,0
66391,0
18212,0
51051,0
60375,1
8495,0
61193,0
18612,0
50665,0
50512,0
6621,0
10992,0
10742,0
33326,0
28711,0
16466,0
71692,0
60158,0
5296,0
1415,0
376,0
11139,0
21667,0
52771,0
30283,0
33431,0
10860,0
76614,0
52246,0
16337,0
21160,1
30888,0
41543,0
68619,0
46124,0
9454,0
48316,0
61103,0
46772,0
62688,0
53821,0
67083,0
10508,0
42182,0
51295,1
26017,0
38656,0
1210,0
52205,0
18776,0
39588,0
2066,0
7952,0
28286,0
15837,0
41908,0
28766,0
35922,0
44582,0
42485,0
71289,0
47556,0
27264,0
50266,0
77122,0
45635,0
57502,0
26262,0
74374,0
34661,0
38450,0
31134,0
27968,0
36271,0
3316,0
35219,0
52701,0
8654,0
7551,0
18778,0
74667,0
57527,0
1726,0
60191,0
30623,0
67366,0
38917,0
15689,0
18286,0
63660,0
32232,0
56976,0
64644,0
39204,0
47141,0
26883,0
9890,0
50095,0
16145,0
24190,0
17777,0
3339,0
11436,0
40457,0
4730,0
10380,0
6891,0
40575,0
60937,0
50037,0
3066,0
18712,0
68494,0
74119,0
76254,0
49402,0
8141,0
3076,0
14390,0
66964,0
67091,0
13164,0
21190,0
21432,0
2096,0
53808,0
9751,0
59105,0
76796,0
49192,0
45888,0
12492,0
72963,0
53303,0
53081,0
23930,0
51938,0
29280,0
7689,0
16924,1
40162,0
8648,0
57036,0
69859,0
31492,0
3964,0
20962,0
16434,0
28860,0
28665,0
1561,0
72856,0
28596,0
52840,0
73807,0
1089,0
20345,0
59325,0
45294,0
61412,0
29033,0
41735,0
64996,0
10388,0
20001,0
47942,0
5232,0
7097,0
61335,0
61360,0
429,0
54187,0
18493,0
23130,0
16180,0
5133,0
54456,0
62197,0
50861,0
40356,0
68967,0
49181,0
19572,0
58731,0
32167,0
3435,0
7389,0
44860,0
72065,0
49353,0
42688,0
4019,0
64023,0
30034,0
6907,0
14810,0
17629,0
7003,0
59100,0
73651,0
65300,0
38796,0
17133,0
10552,0
58271,0
42387,0
19737,0
35156,0
68576,0
62951,0
76794,0
39736,0
73402,0
30749,0
49089,0
57203,0
37385,0
14101,0
31036,0
66566,0
2283,0
35086,0
66082,0
34105,0
14599,0
21293,0
44127,0
17522,0
23708,0
64845,0
38638,0
62916,1
18984,0
35872,0
8019,0
6358,0
53023,1
32026,0
32170,0
46737,0
21112,0
12594,0
9049,0
48577,0
9087,0
74296,0
13640,0
65412,0
17816,0
50036,0
34158,0
30033,0
74401,0
73296,0
41847,0
28456,0
55643,0
40689,0
41087,0
56409,0
28892,0
22658,0
34021,0
29419,0
65630,0
18809,0
59695,0
39585,0
30356,0
78175,0
23668,0
50441,0
52311,0
19576,0
39982,0
23338,0
58769,0
65210,0
70168,0
44136,0
19098,1
19826,0
68896,0
22540,0
52630,0
42249,0
41645,0
60352,0
24168,0
77703,0
52005,0
22821,0
33963,0
55903,0
70360,0
21163,0
52351,0
57632,0
67448,0
21018,0
30307,0
51006,0
59242,0
19353,0
25940,0
33400,0
46896,0
65389,0
31886,0
62107,0
62662,0
77743,0
54888,0
6878,0
71343,0
64742,0
31110,0
22290,0
5238,0
17481,0
16426,0
45701,0
65943,0
23605,0
65623,0
8693,0
77061,0
50458,0
50405,0
29954,0
27369,0
34266,0
69082,0
54481,0
16986,0
21502,0
26676,0
54360,0
14467,0
58255,0
46322,0
49734,0
18985,0
51064,0
24677,0
52765,0
46466,0
9307,0
45619,0
1110,0
928,0
24625,0
16069,0
59733,0
8710,0
28479,0
73983,0
57108,0
7195,0
52665,0
37573,0
68267,0
40855,0
61710,0
14955,0
77531,0
5885,0
31444,0
12927,0
3718,0
718,0
813,0
2005,0
38391,0
62502,0
30320,0
71236,0
7361,0
24579,0
75383,0
3994,0
56762,0
21572,0
49902,0
46473,0
66123,0
63361,0
30949,0
65248,0
5320,0
6158,0
3570,0
12033,0
61175,0
49816,0
8824,0
57352,0
50294,0
76037,0
19245,0
1610,0
33835,0
61018,0
16908,0
20068,0
30534,0
29500,0
33834,0
54535,0
17853,0
30139,0
27401,0
42042,0
24099,0
7180,0
35814,0
44779,0
29222,0
50994,0
1276,0
22054,0
31041,0
64122,0
76830,0
24188,0
1749,0
74749,0
24091,0
69671,0
31902,0
48217,1
10292,0
61474,0
54053,0
65465,0
26232,0
54413,0
59365,0
45470,0
12571,0
31518,0
49208,0
31515,0
43824,0
18600,0
49494,0
76821,0
11378,0
32242,0
16142,0
1250,0
6366,0
65786,0
52386,0
71833,0
1327,0
2383,0
67658,0
24637,0
67379,0
37712,0
66799,0
16875,0
16517,0
46895,0
46351,0
25883,0
67480,0
13471,0
48370,0
1183,0
66776,0
53366,0
77194,0
56386,0
44243,1
68929,0
47990,0
42308,0
34787,0
30673,0
20454,0
14255,0
695,0
62976,0
16198,0
18019,0
37984,0
2425,0
40814,0
23800,0
32889,0
11336,0
3455,0
58459,0
34222,0
19756,0
22506,0
7488,0
42978,0
57052,0
10424,0
70644,0
42310,1
55184,0
19061,0
72225,0
65816,0
33424,0
73061,0
57307,0
16751,0
31709,0
46319,0
32544,0
29042,0
66787,1
58208,0
53176,0
6100,0
46547,1
25467,0
7474,0
5010,0
16790,0
15692,0
54516,0
7725,0
49036,0
28899,0
48877,0
76815,0
29086,0
17697,0
25912,0
33757,0
30353,0
66863,0
44598,0
69056,0
39697,0
9996,1
73487,0
6239,0
6980,0
54953,0
67681,0
4417,0
75702,0
591,0
12841,0
43704,0
37689,0
3990,1
55454,0
9677,0
25620,0
78280,0
69996,0
38992,0
61755,0
29966,0
51673,0
36870,0
23116,0
54222,0
2454,0
9994,0
14705,0
74684,0
43067,0
56434,0
76328,0
39928,0
64375,0
12320,0
20464,0
31764,0
47215,0
33910,0
3485,0
73471,0
9251,0
59688,0
56262,0
12803,0
68388,1
32344,0
71931,0
55130,0
47604,0
29747,0
25289,0
70638,0
40109,0
34855,0
57455,0
31558,0
47680,0
70695,0
51197,0
59110,0
25602,0
19695,0
38429,0
52760,0
26863,0
16454,0
4559,0
14115,0
7286,0
37820,0
5453,0
69587,0
66010,0
983,0
30800,0
46367,0
50384,0
43679,0
20232,0
40572,0
75902,1
31472,0
22353,0
57914,0
64069,0
16459,0
8158,0
73268,0
66226,0
58785,0
44141,0
36629,0
31052,0
51685,0
35379,0
44749,0
41723,0
61361,0
40149,0
56099,0
40736,0
71628,0
38791,1
20157,0
22877,0
4313,0
30855,0
75069,0
75683,0
67608,0
23027,0
19501,0
3635,0
58375,0
47380,0
975,0
41742,0
11526,0
44722,0
62674,0
62680,0
17043,0
63224,0
13282,0
5139,0
47117,0
58067,0
23681,0
44416,0
23828,0
75849,0
74165,0
28382,0
63366,0
16909,0
51737,0
18585,0
33646,0
58458,1
69215,0
4508,0
49647,0
49618,0
14986,0
26321,0
51408,0
36203,0
9523,0
24337,0
53448,0
5576,0
44110,0
69085,0
77167,0
6150,0
62147,0
68879,0
65115,0
55269,0
51763,0
30940,0
71078,0
52464,0
3530,0
9188,0
65121,0
37895,0
5649,0
61577,0
12868,0
74966,0
8023,0
33807,0
71459,0
39582,0
25879,0
35351,0
31794,0
61663,0
72095,1
77101,0
25557,0
31585,0
25793,0
26024,1
54748,0
8839,0
27967,1
75588,0
20382,0
30108,0
48297,0
75625,0
19947,0
61450,0
77304,0
40159,0
68305,0
21207,0
54630,0
7451,0
749,0
71969,0
29562,0
10344,0
26908,0
17135,1
29120,0
75684,0
74636,0
20682,0
55502,0
2254,0
6971,0
47079,0
62302,0
72591,0
48238,0
30555,0
57880,0
53571,0
78090,0
57253,0
15563,0
17580,0
55993,0
56380,0
77081,0
15187,0
65221,0
3105,0
1094,0
42628,0
50652,0
45424,0
64809,0
48866,0
43578,0
37402,0
55268,0
22553,0
40416,1
39353,0
17454,0
9953,0
59615,0
10330,0
75928,0
50946,0
35469,0
11755,0
8588,0
64902,0
10290,0
69439,0
43257,0
41927,0
20981,0
77562,0
23890,0
59925,0
55146,0
24634,0
47504,0
75122,0
64041,0
5955,0
32483,0
56698,0
6547,0
1502,0
66259,0
23766,0
51390,0
72914,0
64739,0
21153,0
41632,0
53041,0
11480,0
3666,0
68914,0
10105,0
54417,0
17485,0
63485,0
33678,0
21026,0
20407,0
68933,0
7866,0
51363,0
37310,0
38712,0
24250,0
73208,0
4022,0
6411,1
69607,1
72483,0
13350,0
15192,0
66704,0
60756,0
36333,0
15436,0
46344,1
11910,0
19336,0
22213,0
54450,0
28980,0
33601,1
56936,0
64345,0
20309,0
21959,0
34467,0
12221,0
22778,0
71875,0
181,0
13901,0
29067,0
22425,0
26558,0
31777,0
60992,0
54607,0
35201,0
59719,0
11104,0
49810,0
35790,0
40170,0
13742,0
22654,0
54593,0
10676,0
43696,0
415,0
50537,0
19443,0
50237,0
26609,0
18739,0
14194,1
31998,0
68410,0
59511,0
41326,0
30387,0
37823,0
25982,0
21358,0
57509,0
31377,0
36038,0
28713,0
19744,0
55928,0
31749,0
7941,0
8255,0
39861,0
10378,0
3905,0
37359,0
23546,0
75483,0
50961,0
82,0
61244,0
19859,0
10260,0
64373,0
62436,0
20739,0
10043,0
18640,1
59299,0
24531,0
72844,0
59212,0
1365,0
56898,0
75734,0
57182,0
75283,0
8249,0
53531,0
40862,0
1083,0
75994,0
76167,0
61330,0
77524,0
75714,0
26588,0
18532,0
37620,0
44010,0
36990,0
36140,0
60899,0
27390,0
58054,0
32807,0
28737,0
65681,0
50906,0
65503,0
48535,0
27930,0
38789,0
31674,0
27757,0
42766,0
37897,0
69119,0
5726,0
52216,0
44275,0
11107,0
23884,0
26426,0
29920,0
15498,0
45328,0
16825,0
66231,0
5588,0
37414,0
77673,0
4070,0
9505,0
39253,0
41456,0
31058,0
38578,0
43795,0
54678,0
65031,0
20992,1
31580,0
58329,0
53150,0
23235,0
69006,0
60552,0
61900,0
16916,0
26477,0
76994,0
44827,0
59193,0
44286,0
74490,0
28192,0
9681,0
58502,0
5062,0
17033,0
77867,0
54785,0
12623,0
17622,0
43147,0
61241,0
50740,0
8089,0
60024,0
70383,0
54320,0
51413,0
21597,0
49461,0
35329,0
60162,0
1242,0
14401,0
44085,0
46389,0
59589,0
36005,0
31832,0
33652,0
67715,0
43102,0
45375,0
30249,0
59029,0
58084,0
16222,0
46040,0
37559,0
35361,0
47379,0
56753,0
14899,0
5531,0
23664,0
2228,0
57043,0
61379,0
55229,0
63298,0
76085,0
30443,0
16137,0
61857,0
2617,0
38238,0
1589,0
50386,0
26816,0
42761,0
50011,0
43450,0
3242,0
58320,0
72514,0
40640,0
68285,0
37528,0
25862,0
22322,0
21841,0
60125,0
40861,0
16371,1
71796,0
67823,0
69196,0
55338,0
14136,1
5079,0
9657,0
72357,0
15789,0
7125,1
33738,0
4294,0
63966,0
40762,0
68375,0
11846,0
38731,0
16068,0
70850,0
61573,0
38907,0
23461,0
44489,0
19827,0
76668,0
45085,0
60654,0
48910,0
72082,0
22200,0
43893,0
77137,0
34431,0
34085,0
28120,1
49022,0
34069,0
62775,0
35063,0
24136,0
64242,0
59751,0
44178,0
73870,0
1547,0
36237,0
15215,0
12811,0
70413,0
66122,0
54334,0
700,0
76355,0
32555,0
48784,0
26197,0
15262,0
10514,0
11521,0
5494,0
32115,0
31670,0
31910,0
72748,0
3208,0
47019,0
21007,0
52527,0
60950,0
6675,0
38284,0
66600,0
52520,0
34181,0
49610,0
22663,0
12732,0
25755,0
61611,0
2420,0
75643,0
32020,0
77186,0
9064,0
40441,0
32573,0
30192,1
54211,0
61905,0
66795,0
42697,0
8650,0
14583,1
969,1
11626,0
24135,0
12218,0
41449,0
9361,0
66825,0
72830,0
28405,0
54162,0
55153,0
5824,0
56576,0
63398,0
65058,0
73693,0
47452,0
9158,0
52691,0
5939,0
40141,0
59345,0
39830,0
67886,0
50912,0
17838,0
5537,0
46588,0
72938,0
68462,0
4667,0
29295,0
29525,0
66345,1
53340,0
36208,0
8871,0
5758,0
18220,0
11726,0
68278,0
1708,0
45684,0
6229,0
61959,0
32263,0
69510,0
24506,0
68120,0
70993,0
41138,0
36104,0
44482,0
60366,0
46589,0
61063,0
54231,0
35241,0
19261,0
23566,0
47149,0
56245,0
45501,0
71547,0
43503,0
37815,0
56107,0
50724,0
40530,0
70025,0
48967,0
78223,0
51779,0
42992,0
58716,0
60558,0
59514,0
62347,1
24984,0
14175,0
14551,0
19420,0
44200,0
69465,0
61520,0
36600,0
63633,0
56668,0
68781,0
54479,0
22015,0
11993,0
18039,0
59306,0
49282,0
60907,0
52958,0
50699,0
10712,0
35092,0
24715,0
43015,0
18992,0
6482,0
53054,0
7682,0
1346,0
74602,0
65363,0
72440,0
67145,0
59604,0
31179,0
35779,0
48822,0
61003,0
16738,0
21584,0
42615,0
15047,0
71446,0
71287,0
71278,0
41183,0
20301,0
50028,0
34725,0
24165,0
28307,0
63784,0
30018,0
36094,0
19047,0
75718,0
33507,0
17560,0
42952,0
44292,0
76569,0
27642,0
14022,0
17366,0
3533,0
58841,0
54629,0
54508,0
20730,0
35209,0
72868,0
70404,0
47336,0
4554,0
29791,0
10374,0
21717,0
54159,0
14937,0
46924,0
12814,0
19070,0
9979,0
61328,0
63402,0
10009,0
60308,0
24175,0
62135,0
14496,0
48543,0
34591,0
63844,0
64525,0
51362,0
41758,0
43876,0
41869,0
19321,0
23209,0
74618,0
76823,0
18507,0
64489,0
36605,0
60156,0
17772,0
21804,0
70511,0
57126,0
24903,0
9181,0
19592,0
13396,0
48061,0
54173,0
51368,0
56683,0
2479,0
64000,0
21897,0
3668,0
1641,0
64158,0
24352,0
37562,0
49241,0
26996,0
1819,0
41979,0
14430,0
19256,0
9740,0
6713,0
73669,0
40673,0
38982,0
60443,0
25800,0
47594,0
74052,0
5635,0
21861,0
71445,0
77923,0
2698,0
10421,0
47024,0
11099,0
31686,0
69605,0
58570,0
44970,0
59252,0
57643,0
34240,0
41974,0
40199,0
74211,0
27298,0
13040,0
14415,0
3109,0
21564,0
69866,0
27310,0
25661,0
41367,0
33717,0
52867,0
23564,0
16516,0
70415,0
44241,0
76463,0
27566,0
56150,0
24885,0
21613,0
30190,1
12090,0
12496,0
12556,0
7182,0
71861,0
65479,0
15270,0
43083,0
22374,0
227,0
19936,0
36229,0
30495,0
13883,0
27368,0
63453,0
21943,0
9602,0
51347,0
74084,0
56747,0
7611,0
17618,0
30119,0
66542,0
22569,0
44133,0
21079,0
57185,0
61236,0
62019,0
48358,0
40914,0
27978,0
69364,0
9050,0
25638,0
39551,0
42279,0
42760,0
39503,0
6694,1
19634,0
46328,0
40140,0
62189,0
53330,0
53998,0
72083,1
43341,0
18539,0
8264,0
35066,0
39240,0
11178,0
74675,0
23001,0
46395,0
12726,0
1501,0
12925,0
14578,0
61547,0
7742,0
65812,0
22164,0
17643,0
45113,0
27176,0
57001,0
2411,0
27916,1
15608,0
28217,0
33269,0
42106,0
58070,0
52165,0
68215,0
42180,0
72306,0
18766,0
6429,0
63471,0
50147,0
52043,0
20235,0
22147,0
25778,0
68446,0
44513,0
48248,0
11497,0
18156,0
72089,0
14488,0
27751,0
42291,0
76966,0
17388,0
60917,0
11124,0
47248,0
77916,0
64508,0
1636,0
18753,0
71408,0
62449,0
28942,0
49100,0
42954,0
40593,0
77168,0
9257,0
68,0
28227,0
49279,0
62187,0
54750,0
54521,0
56210,0
73513,0
44723,0
52754,0
50014,0
30375,0
15177,0
53731,0
56053,0
67928,0
47829,0
23630,0
24377,0
50159,0
75439,0
25134,0
65401,0
61584,0
22899,0
47341,0
12777,0
73808,0
45782,0
50738,0
65992,1
26481,0
10334,0
16565,0
5011,0
22665,0
45703,0
16624,0
71936,0
46544,0
57809,0
51174,0
1775,0
46627,0
66256,0
3534,0
68596,0
33176,0
59179,0
7848,0
19219,0
52406,0
71750,0
45876,0
65930,0
870,0
37555,0
11556,0
10521,0
77563,0
69971,0
38299,0
66156,0
59769,0
61842,0
25857,0
62730,0
21245,0
46231,0
72117,0
54297,0
21114,0
5397,0
16255,0
19151,0
53795,0
66144,0
6460,0
12406,0
8940,0
40811,0
23340,0
51676,0
11328,0
13378,0
65727,0
56943,0
63673,0
1698,0
30509,0
13347,0
25917,0
22911,0
6145,0
46205,0
68045,0
13375,0
73917,0
70316,0
19094,0
42191,0
68198,0
21813,0
22941,0
61436,0
30939,0
2722,0
27416,0
54916,0
50864,0
63200,0
52878,0
8767,0
32013,0
51928,0
25066,0
36909,0
20764,0
27347,1
24398,0
76547,0
74715,0
44568,0
29382,0
64915,0
31390,0
6280,0
33420,0
72124,0
13022,0
56900,0
27192,0
5747,0
69943,0
35542,0
41835,1
11486,0
73885,0
74562,0
76771,0
65059,0
22008,0
11568,0
4334,0
39062,0
73000,0
24551,0
54723,0
73098,0
9114,0
23491,0
71702,0
5582,0
24703,0
61210,0
27588,0
12954,0
16476,0
21526,0
30076,0
8018,0
57034,0
32239,0
18626,0
1794,0
64903,0
77851,0
5234,0
4917,0
31387,0
75865,0
65499,0
5338,1
3791,0
39105,0
47425,0
34558,0
19027,0
11793,0
54976,0
34696,0
35969,0
49485,0
10136,0
14753,0
60825,0
26711,0
64579,0
68322,0
44627,0
30550,0
38290,0
56734,0
4112,0
42706,0
75874,0
19398,0
26632,0
74554,0
74765,0
11787,0
14970,0
15054,0
11865,0
63450,0
38539,0
53594,0
45551,0
40676,0
12054,0
40871,0
22652,0
47517,0
15679,0
55855,0
13158,0
18385,0
62844,0
23893,0
13124,0
29622,0
48441,0
46548,0
23412,0
10218,0
27288,0
38585,0
66866,0
44545,0
78187,0
10629,0
67737,0
26667,0
37900,1
33058,0
47255,0
941,0
60904,0
60717,0
47949,0
22351,0
11357,0
63732,0
12495,0
14554,0
39627,0
57641,0
13957,0
63127,0
58805,0
50773,0
38640,0
32453,0
52239,0
1893,1
33838,0
27535,0
37716,0
18662,0
74570,0
77195,0
54336,0
28214,0
66068,0
73388,0
19805,0
10282,0
2967,0
4379,0
4619,0
36279,0
23129,0
77761,0
50513,0
35476,0
63143,0
8327,0
31124,0
4994,0
39909,0
26403,0
48566,0
52200,0
28018,0
61153,0
57463,0
5774,0
61872,0
3060,0
70721,0
43115,0
28025,0
60288,0
57261,0
50142,0
28544,0
614,0
18333,0
48434,0
48241,0
55621,0
1882,0
916,0
73286,0
65388,0
68007,0
34961,0
63706,0
8406,0
39122,0
37383,0
39384,0
62926,0
2799,0
42876,0
12785,0
27781,0
49704,0
61355,0
4639,0
57980,0
11290,0
25853,0
11131,0
51614,0
32236,0
43675,0
56741,0
23288,0
71040,0
7930,0
62861,0
16034,0
21696,0
56315,0
37019,0
43935,0
23695,0
31879,0
15868,0
36506,0
63694,0
52692,0
65948,0
39767,0
39017,0
5778,0
10224,0
69711,0
11549,0
38430,0
65779,0
7418,0
48504,0
50456,0
78165,0
72376,0
9173,0
12023,0
34174,0
10873,0
7610,0
77303,0
20429,0
29169,0
14814,0
6061,0
73506,0
17557,0
57270,0
39762,0
43443,0
28648,0
53086,0
19487,0
28338,0
56535,1
55383,0
60017,0
481,0
20455,0
52514,0
14363,0
37490,0
40409,0
20800,0
62016,0
33631,0
17682,0
40868,0
29225,0
70967,0
74395,0
15698,0
39251,0
28339,0
77492,0
8532,0
17457,0
56426,0
62263,0
46193,0
47682,0
35720,0
66713,0
22972,0
32426,0
14538,0
41713,0
27559,0
9237,0
71941,0
51818,0
35185,0
13557,0
63961,0
33093,0
28887,0
332,0
36266,0
51054,0
45780,0
32541,0
70900,0
38333,0
51961,0
19476,0
62868,0
65545,0
69297,0
61483,0
19545,0
77499,0
65143,0
18191,1
40395,0
31475,0
32377,0
74970,0
69046,0
69240,0
77992,0
41798,0
64888,0
15184,0
67154,0
37020,0
5389,0
20866,0
14604,0
51743,0
75179,0
8971,0
21979,0
68905,0
15427,0
50960,0
36620,0
12291,0
64998,0
48286,0
14493,0
27141,0
77638,0
50454,0
24053,0
73766,0
69429,0
29234,0
75127,0
65570,0
13041,0
70088,0
32528,0
76610,0
35949,0
26685,0
58934,0
43100,0
19,0
54282,0
60400,0
60207,0
13902,0
52449,0
16400,0
10845,0
78255,0
17339,0
52959,0
37793,0
72648,0
8279,0
72947,0
17896,0
73111,0
31284,0
52295,0
40026,0
30934,0
10621,0
5330,0
74317,0
23907,0
34327,0
5316,0
30663,0
33033,0
57330,0
41290,0
2396,0
66630,0
72160,0
58364,0
6281,0
62980,0
45785,0
9042,0
67688,0
72497,0
72568,0
17817,0
46184,0
19836,0
28580,0
1861,0
58620,0
16475,0
43075,0
23710,0
74050,1
28630,0
18274,0
29720,0
58701,0
4029,0
61411,0
5462,0
76113,0
51632,0
59634,0
35774,0
59036,0
26950,0
62211,0
36507,0
71842,0
47233,0
44706,0
59730,0
55866,0
4365,0
16075,0
29493,0
18281,0
25322,0
47009,0
66880,0
48992,0
74158,0
74624,0
647,0
44872,0
71846,0
64187,0
86,0
27404,0
38670,0
921,0
56854,0
118,0
11413,0
5797,0
47059,1
56443,0
65404,0
11393,0
9520,0
20889,0
58057,0
37751,0
59547,0
29339,0
44163,0
77651,0
21869,0
51391,0
73502,0
77675,0
62805,0
26680,0
36757,0
51161,0
23465,0
18247,0
67024,0
27053,0
39696,0
25673,0
15553,0
18963,0
14222,0
12629,0
67299,0
41098,0
77533,0
30151,0
5495,0
9239,0
39998,0
9178,0
25059,0
6314,0
3368,0
203,0
40578,0
77262,0
45121,0
73299,0
23394,0
53820,0
6571,0
15521,0
59116,0
60775,0
42104,0
37387,0
39102,0
38847,0
38591,0
49656,0
446,0
65019,0
72307,0
42773,0
50234,0
65227,0
69820,0
37730,0
52911,1
15856,0
54556,0
66782,0
68357,0
68979,0
24106,0
32665,0
66570,0
10781,0
5056,0
61949,0
23277,0
70710,0
71354,0
37308,0
13295,0
50114,0
58356,0
72515,0
25817,0
36626,0
62946,0
7702,0
8585,0
5151,0
3291,0
73455,0
36303,0
75469,0
31420,0
26935,0
46234,0
40710,0
76909,0
46154,0
27003,0
14706,0
70824,0
75956,0
1058,0
58834,0
10651,0
78116,0
54885,0
54777,0
36328,0
70799,0
7203,0
15935,0
53982,0
10184,0
45376,0
650,0
48557,0
19401,0
57551,0
20537,0
67428,0
25858,0
36958,0
8159,0
59197,0
54412,0
19161,0
38364,0
15541,0
850,1
12057,0
13850,0
34396,0
40731,0
70425,0
55233,0
5114,0
75872,0
34037,0
31028,0
23749,0
16874,0
39574,0
856,0
53411,0
37345,0
39814,0
584,0
30043,0
58772,0
21477,0
11137,0
69961,0
18689,0
72567,0
17414,0
44834,0
35884,0
24717,0
45702,0
64782,0
8786,0
47094,0
76726,0
11073,0
19799,0
31639,0
53464,0
13165,0
53178,0
36594,0
24411,0
7708,0
27948,0
76477,0
31978,0
54997,0
19074,0
61707,0
34689,0
75217,0
55392,0
7308,0
21184,0
39516,1
75139,0
74564,0
72276,0
40196,0
45749,0
68778,0
5698,0
47081,0
49305,0
31600,0
545,0
29555,0
54011,0
30172,0
76057,0
33381,0
54509,0
34590,0
5154,0
4362,0
54050,0
27838,0
7660,0
35616,0
23598,0
35514,0
37211,0
16083,0
72860,0
49455,0
74771,0
22548,0
69430,0
52388,0
13366,0
76140,0
9696,0
55027,0
71039,0
27382,0
35551,0
42011,0
57222,0
53538,0
23036,0
74262,0
71097,0
46570,0
60231,0
61062,0
65407,0
8518,0
33975,0
8297,0
51647,0
70921,0
3398,0
22468,0
23408,0
63066,0
65069,0
1441,0
43880,0
48204,0
65627,0
356,1
30824,0
35267,0
70303,0
68112,0
51102,0
58377,1
36851,0
46942,0
10237,0
50830,0
65466,0
42198,0
43780,0
29092,0
5265,0
69581,0
52931,0
14750,0
5589,0
41324,0
64688,0
67440,0
16402,0
50540,0
6560,0
59082,0
32057,0
47427,0
55562,0
14297,0
57405,0
23271,0
3765,0
48680,0
77948,0
24785,0
39777,0
7790,0
69549,0
7943,0
46946,0
2591,0
41968,0
35447,0
40139,0
72511,0
60546,0
27766,0
23831,0
8842,0
1200,0
28008,0
21423,0
13230,0
17741,0
26804,0
69357,0
27270,0
51083,0
56358,0
55079,0
20623,0
54376,0
65710,0
3977,0
6741,0
71927,0
10822,0
28488,0
16109,0
29497,0
18940,0
59574,0
29733,0
16662,0
15367,0
2788,0
25676,0
73763,0
69037,1
31473,0
58782,0
58370,0
35065,0
22906,0
63364,0
2645,0
38781,0
12678,0
34218,0
29731,0
6521,0
44574,0
19274,0
29940,0
43029,0
69882,0
33840,0
54366,0
31721,0
54298,0
18400,0
77739,0
7832,0
1216,0
389,0
1446,0
36471,0
9975,0
20521,0
41729,0
39452,0
3197,0
19571,0
35130,0
45314,0
72757,0
68633,0
67509,0
38288,0
29519,0
17601,0
38443,0
65620,0
48635,0
45454,0
23282,0
25644,0
15081,0
77783,0
63599,0
57682,0
7042,0
68777,0
37972,0
70505,0
10665,0
73985,0
77573,0
60842,0
63544,0
75072,0
57312,0
24287,0
72228,0
13454,0
56568,0
55258,0
61516,0
18597,0
44787,0
34972,0
38813,0
49839,0
11769,0
48966,0
38612,0
36161,0
4162,0
11467,0
34594,0
29965,0
8201,0
14133,0
6882,0
73731,0
45598,0
12687,0
54232,0
21294,0
8016,0
27370,0
48495,0
17184,0
37287,0
22948,0
25625,0
6225,0
36502,0
63395,0
60025,0
3320,0
46622,0
50349,1
20443,0
29633,0
10012,0
28828,0
18808,0
6567,0
9021,0
17117,0
55912,0
16019,0
71743,0
67929,0
40076,0
538,0
54731,0
68800,0
66683,0
44407,0
10566,0
52836,0
11789,0
55334,0
49263,0
12252,0
49882,0
44337,0
3479,0
49625,0
40943,0
30511,0
73913,0
73519,0
22597,0
66549,0
3678,0
76261,0
4803,0
44097,0
54264,0
67309,0
8893,1
48550,0
41949,0
12353,0
30158,0
49203,1
50518,0
46064,0
6051,0
18123,0
62917,0
34893,0
22557,0
70898,0
3226,0
51384,0
50997,0
19216,0
42725,0
70532,0
75686,0
46286,0
28089,0
73001,0
48534,0
61096,0
72076,0
12858,0
10526,0
19240,0
4766,0
55829,0
20761,0
15199,0
47951,0
39232,0
10204,0
58024,0
31311,0
49454,0
49795,0
30439,0
18454,0
52725,0
20463,0
74133,0
1192,0
60096,0
12428,0
52360,0
754,0
27941,0
24640,0
66856,0
73361,0
18740,0
74413,0
24856,0
5146,0
46878,0
7734,0
68122,0
38555,1
29581,0
737,0
32424,0
11187,0
8385,0
25807,0
51808,0
40479,0
72335,0
4391,0
3810,0
74914,0
21974,0
17425,0
36688,0
15807,0
49023,0
2008,0
8104,0
52303,0
61851,0
55181,0
37493,0
40669,0
64600,0
22925,0
71912,0
75807,0
55868,0
4033,0
73966,0
5736,0
64784,0
18906,0
52150,0
49733,0
36707,0
37373,0
34200,0
45606,0
47274,0
15464,0
20509,0
7157,0
23757,0
1294,0
43020,0
30643,0
52080,0
60968,0
48519,0
8411,0
75028,0
23615,0
13589,0
44007,0
10748,1
7924,0
55204,0
5185,0
29630,0
54463,1
65324,0
25738,0
68657,1
25889,0
3648,0
41078,0
53579,0
76350,0
43674,0
71683,0
54023,0
9669,0
70665,0
19048,0
51072,0
73556,0
25706,0
65156,0
74823,0
22717,0
307,0
7199,0
60914,0
68248,0
8247,0
67994,0
21,0
60994,0
35818,0
52480,0
42937,1
23249,0
33112,0
38482,0
40658,0
33753,0
63860,0
48032,0
4161,0
40464,0
26180,0
50998,0
14696,0
19500,0
63438,0
38609,0
20211,0
71137,1
76517,0
64343,0
10973,0
13382,0
12493,0
35477,0
39938,0
4765,0
45943,0
32158,0
18238,0
33532,0
75086,0
9568,0
23589,0
73806,0
71150,0
763,0
75727,0
61681,0
33954,0
61090,1
21063,0
56993,0
75413,0
47495,0
53119,0
22175,0
68332,0
54018,0
56763,0
29480,0
73207,0
65903,0
2296,0
49568,0
54148,0
53816,1
56658,0
53220,0
26160,0
24319,0
36897,0
17542,0
14683,0
39109,0
23850,1
15575,0
25741,0
70427,0
26616,0
36971,0
53384,0
48995,0
57113,0
47716,0
56148,0
66809,0
53600,0
61424,0
54322,0
45913,0
44815,0
8358,0
60000,0
35204,0
72071,0
26701,0
10370,0
74560,0
19604,0
58653,0
52501,0
30549,0
63071,0
73756,1
41024,0
65938,0
52355,0
76455,0
29034,0
1339,0
58577,0
26836,0
36738,0
1746,0
952,0
76867,0
62517,0
47788,0
52075,0
53875,0
63777,0
3182,0
52458,0
20965,0
2603,0
51791,0
58142,0
29416,0
37643,0
60807,0
32593,0
40011,0
40485,0
44713,0
7079,0
45240,0
40851,1
3367,0
12415,0
32095,0
11434,0
8243,0
46929,0
10590,0
20983,0
66233,0
25392,0
48176,0
17965,0
36854,0
29590,0
53774,0
38689,0
54609,0
45502,0
26829,1
13626,0
49930,0
76158,0
3365,0
57183,0
35195,0
11259,0
34286,0
38025,0
76714,0
62506,0
21500,0
59516,0
61160,0
36634,0
51452,0
20574,0
27677,0
34947,0
39475,0
46145,0
19963,0
30851,0
70730,0
20881,0
63701,0
69182,0
60208,0
11282,0
57851,0
54160,0
14887,0
66925,0
74462,0
32427,0
45843,0
51611,0
17527,0
75151,0
51768,0
18558,0
2667,0
74123,0
12031,0
74159,0
28452,0
44291,0
28396,0
51644,0
9484,0
61677,0
37321,0
16699,0
65319,0
7800,0
11814,0
20288,0
41574,0
3689,0
71221,0
48600,0
24478,0
4893,0
19494,0
26306,1
31181,0
10373,0
63416,0
72298,0
50561,0
68825,0
32184,0
36716,0
22892,0
69447,0
4385,0
50333,0
24586,0
6498,0
39445,0
38911,0
40345,0
9048,0
48968,1
37638,0
3067,0
36723,0
9515,0
26468,0
11431,0
52192,0
23638,0
25307,0
19739,0
24929,0
65483,0
58123,0
24271,0
67422,0
59590,0
42211,0
24593,0
73135,0
14041,0
21265,0
56997,0
69767,0
61292,1
16151,0
37848,0
44308,0
40582,0
27143,0
72650,0
74023,0
39957,0
18437,0
26230,0
10800,0
37518,0
14480,0
74270,0
9318,0
65988,0
25707,0
65633,0
41040,0
43607,0
29098,0
63002,0
14364,0
71752,0
51527,0
74012,0
11592,0
73855,0
31325,0
63171,0
73854,0
43684,0
50378,0
48880,0
67778,0
60843,0
32851,0
51467,0
74888,0
23102,0
31758,0
30975,0
72724,0
66519,0
29330,0
19619,0
21906,0
12124,0
27620,0
28083,0
30271,1
22220,0
18998,0
32037,0
56940,0
3280,0
10441,0
2770,0
42158,0
21345,0
62425,0
12837,0
72526,0
45538,0
56179,0
57921,0
36563,0
7424,0
76923,0
14211,0
28987,0
24573,0
36570,0
64832,0
29816,0
13728,0
45112,0
435,0
51057,0
57646,0
33392,0
77530,0
62583,0
1177,0
45055,0
46487,0
18319,0
11781,0
7546,0
17933,0
56851,0
1891,0
77150,0
23736,0
56659,0
72629,0
76067,0
44692,1
8656,0
8564,0
63207,0
51801,0
26292,0
44120,0
3247,0
48864,0
74808,0
43879,0
65333,0
46359,0
54512,0
74594,0
41178,0
5156,0
48069,0
63982,0
14354,0
34504,0
46711,0
4064,0
12234,0
73067,0
12769,0
68623,0
55219,0
64823,0
70775,0
39568,0
37786,0
18950,0
59069,0
70295,0
23885,0
52629,0
76115,0
26452,0
59342,0
31091,0
59442,0
12561,0
40928,0
24063,0
11999,0
33718,0
27597,0
12084,0
30255,0
41142,0
64049,0
16674,0
30017,0
73059,0
40589,0
4815,0
31796,0
32087,0
70063,0
34017,0
62817,0
48900,0
8983,0
17351,0
40115,0
7108,0
78083,0
69768,0
33433,0
4672,0
42230,0
69821,0
66305,0
37369,0
74767,0
73014,0
42780,0
59940,0
25248,0
52932,0
38421,0
47834,0
64568,0
3859,0
28649,0
59145,0
36569,0
34588,0
53716,0
71411,0
36871,0
54106,0
38743,0
54907,0
77568,0
47040,0
2705,0
50713,0
30944,0
57864,0
32556,0
65952,0
35996,0
49393,0
22523,0
18827,0
3727,0
16080,0
37021,0
51040,1
20888,0
214,0
35417,0
64494,0
3627,0
31849,0
28691,0
9800,0
44963,0
52488,0
44960,0
24755,0
66381,0
19556,0
41146,0
27861,0
43146,0
64366,0
54764,0
15410,0
67671,0
73832,0
48225,0
2897,0
57906,0
18066,0
63387,0
26286,0
52912,0
59773,0
19792,0
66559,0
41980,0
76042,0
78096,0
8670,0
31692,0
46671,0
42148,0
66608,0
70909,0
31741,0
44475,0
38078,0
23047,0
13325,0
67060,0
16286,0
14103,0
51857,0
1976,0
21410,0
67306,0
26090,0
68776,0
11894,0
75587,0
23944,1
11441,0
10528,0
61645,0
3495,0
15345,1
1394,0
61475,0
75935,0
39929,0
73020,0
74685,0
39561,0
66240,0
54702,0
61035,0
65505,0
54286,0
61961,0
55345,0
73575,0
64471,0
53680,0
21010,0
53537,0
2489,0
2753,0
6512,0
70533,0
39822,0
54076,0
32269,0
16515,0
76503,0
68837,0
34330,0
20985,0
53522,0
20425,0
31916,0
61539,1
29552,0
61124,0
55746,0
73842,0
31974,0
51888,0
11341,0
66654,0
45231,0
22251,0
16770,0
32470,0
49820,0
56738,0
69967,0
7051,0
34644,0
21451,0
75781,0
75181,0
38188,0
72944,0
46780,0
56836,0
25309,0
20112,0
66820,0
24298,0
5803,0
9595,0
47056,0
7470,0
41965,0
5478,0
78072,0
62874,0
27852,0
56311,0
29360,0
43485,0
36625,0
42995,0
57157,0
69557,0
41377,0
31645,0
56199,0
36485,0
50374,0
60900,0
35690,0
25668,1
32740,0
60290,0
11667,0
36618,1
58493,0
45458,0
13698,0
5130,0
71534,0
75082,0
72033,0
69619,0
11481,0
20647,0
40286,0
32007,0
38774,0
70473,0
4788,0
55558,0
57125,0
52000,0
48088,1
68163,0
21086,0
72112,0
66910,0
2491,1
35073,0
13448,0
30402,0
66510,0
28939,0
25055,0
59421,0
8898,0
71082,0
78121,0
72825,0
47976,0
49920,0
64382,0
54291,0
1613,0
11147,0
8788,0
4252,0
73300,0
56710,0
16177,0
15636,0
25314,0
22201,0
34180,0
76721,0
978,0
60956,0
48725,0
48460,0
68724,0
38699,0
73851,0
18546,0
51241,0
39269,0
72708,0
1227,0
21052,0
48229,0
25308,0
30799,0
50863,0
49391,0
70179,0
37416,0
7903,0
44633,0
8499,0
19647,0
67227,0
23629,1
16753,0
68396,0
48477,0
51105,0
33813,0
69921,0
57598,1
35600,0
4827,0
55837,0
44491,0
78144,0
2512,0
28621,0
30526,0
12219,0
72946,0
23428,0
64112,0
59633,0
14111,0
23383,0
26209,0
51208,0
57910,0
77440,0
66320,0
49506,0
44978,0
77880,0
49034,0
6584,0
26001,0
77781,0
42035,0
59699,0
2388,0
9512,0
8115,0
10970,0
56768,0
61502,0
72904,0
3836,0
54675,0
45763,0
75480,0
55185,0
16366,0
42475,0
53922,0
30332,0
38669,0
12554,0
39219,0
12129,0
24025,0
53181,0
15003,0
54572,0
775,0
59963,0
16542,0
36402,0
65599,0
66084,0
3634,0
74109,0
31032,0
13055,0
22044,0
52087,0
47173,0
10711,0
31217,0
64907,0
3876,0
23683,0
51308,0
32210,0
77257,0
50878,0
47603,0
2522,0
51695,0
23840,0
54317,0
9572,0
39468,0
30847,0
17546,0
20726,0
40542,0
36736,0
4296,0
43949,0
74243,0
22637,0
65125,0
50714,0
44903,0
43151,0
46611,0
19327,1
47890,1
49948,0
17063,1
55388,0
65295,0
77316,0
59184,0
4657,0
68996,0
4727,0
56504,0
18876,0
46563,0
21582,0
36113,0
34548,0
59008,0
60091,0
33042,0
37852,0
20449,0
29021,1
64338,0
44535,0
48615,0
16991,0
63405,0
42881,1
74838,0
73149,0
48834,0
2459,0
1519,0
41442,0
48688,0
5099,0
34779,0
62714,0
5724,0
34000,0
40805,0
31,0
34216,0
62960,1
40460,0
64625,0
43733,0
14546,0
3861,0
21591,0
42727,0
64184,0
66257,0
23717,0
18881,0
46845,0
3840,0
67386,0
72934,0
50032,0
48136,0
24844,0
8598,0
59836,0
33740,0
33212,0
53895,0
26167,0
13028,0
23197,0
41600,0
38453,0
25106,0
68826,0
14835,0
74376,0
31016,0
77309,0
61565,0
10864,0
42145,0
58524,0
39014,0
33245,0
42687,0
44463,0
62366,0
32491,0
23754,0
66111,0
874,0
34905,0
19253,0
10619,0
56869,0
66175,0
56255,0
69066,0
30927,1
65217,0
60263,0
54974,0
67054,0
66765,0
21312,0
23267,0
4535,0
23275,0
6646,0
72480,0
76051,0
12529,0
52126,0
66085,0
40826,0
60967,0
9559,0
42873,0
63371,0
70005,0
23918,0
29479,0
24516,0
35905,0
53240,0
36074,0
58702,0
38183,0
19073,0
64659,0
11450,0
13990,0
8830,0
21377,0
71525,0
47475,0
57673,0
40793,0
67229,0
48328,0
38730,0
72436,0
49177,0
49785,0
54874,0
46700,0
32261,0
51766,0
34987,0
57193,0
59674,0
21843,0
46636,0
3509,0
11335,0
73468,0
2657,0
26873,0
18298,0
35730,0
12372,0
29722,0
4902,0
63508,0
30041,0
23804,0
23228,0
50574,0
8097,0
69522,1
7884,0
35727,0
42372,0
12816,0
57837,0
67977,0
27604,0
77844,0
38126,0
25214,0
56056,0
67663,0
72942,0
48228,0
64702,0
39505,0
54304,0
4771,1
4452,0
7955,0
68191,0
2506,1
17384,0
52494,0
30618,0
2691,0
59993,0
75247,0
66963,0
6594,0
30519,0
40666,0
33032,0
2835,0
73915,0
58931,0
49848,0
72295,0
31243,0
65890,0
3986,0
46352,0
36040,0
16610,0
41393,0
48816,0
57229,0
49362,0
38051,0
47042,0
7434,0
30730,0
19382,0
13429,0
18341,0
38705,0
29300,0
74239,0
12216,0
4688,0
46692,0
47923,0
8486,0
77112,0
39018,0
24303,1
9646,0
56881,0
57168,0
72838,0
50216,0
32989,0
57767,0
3450,0
56292,0
14234,0
18487,0
69894,0
45453,0
67524,0
2473,0
12656,0
68062,0
9442,0
5862,0
14076,0
63370,0
47348,0
41859,0
14147,0
141,0
8593,0
19449,0
64401,0
32507,0
67933,0
15994,0
75464,0
64009,0
55652,0
60933,0
53723,0
38167,0
7266,0
18242,0
36743,0
67121,0
35246,0
5728,0
34051,0
14659,0
33403,0
72885,0
56307,0
43438,0
63369,1
63539,0
66423,0
40423,0
68647,0
65132,0
22508,0
52914,0
30825,0
53100,0
73520,0
2953,0
24061,0
17449,0
60740,0
62891,0
11203,0
24208,0
6325,0
23480,0
70385,0
2025,0
72550,0
43866,0
53451,0
28411,0
31989,0
41081,0
54103,0
42523,0
45018,0
12901,0
71296,0
78157,0
47334,0
16007,0
62467,0
72729,0
1670,0
47897,0
40693,0
34134,0
25795,0
29785,0
22497,0
677,0
39819,0
66909,0
3074,0
52536,0
23720,0
67863,1
74398,0
20535,0
63422,0
27320,0
76245,0
40264,0
14298,0
31683,0
54657,0
23269,0
49072,0
76672,0
77489,1
61544,0
47852,0
61261,0
14945,0
65410,0
75098,0
36120,0
18982,0
4231,0
29644,0
43494,0
53941,0
7467,0
69805,0
64884,0
33860,0
26381,0
45397,0
77780,0
11805,0
5005,0
21937,0
61582,0
24810,0
31310,0
69092,0
74903,0
42348,0
72367,0
31478,0
36184,0
54689,0
46913,0
3573,0
21532,0
58945,0
16868,1
73413,0
1387,0
29834,0
902,0
36145,0
269,0
26557,0
14098,0
55484,0
22794,0
21144,0
30308,0
21373,0
12636,0
68761,0
67650,0
5036,0
1169,0
5808,0
34611,0
74828,0
20546,0
7643,0
12489,0
384,0
61503,0
36095,0
7207,0
66983,0
8477,0
63262,0
2045,0
25687,0
15677,0
53823,0
13311,0
4910,0
53307,0
44778,0
49163,0
45476,0
37995,0
29052,0
43285,0
15938,0
5199,0
10627,0
28166,0
42924,0
30150,0
60902,0
53298,0
22136,0
63442,0
71398,0
13172,0
75716,0
8309,0
22221,0
2326,0
31911,0
3543,0
72236,0
44405,0
54275,0
12312,0
12268,0
68025,0
32396,0
57757,0
23432,0
34771,0
30745,0
17206,0
55238,0
12386,0
23640,0
76216,0
25344,0
46480,0
63146,0
36557,1
35979,0
18548,0
42214,0
42224,0
21287,0
73916,0
71117,0
62991,0
53404,0
57244,0
69424,0
12117,0
13986,0
32772,0
681,0
39038,0
7959,0
35880,0
8700,0
21468,0
12771,0
58115,0
40549,0
67039,0
32542,0
75590,0
37337,0
64168,0
68885,0
57419,1
4507,0
7153,0
30237,0
44213,0
49509,0
66357,0
52016,0
29150,0
54761,0
51233,0
2767,0
51620,0
76013,0
58462,0
25886,0
18083,0
30423,0
2683,0
15406,0
43974,0
46057,0
48015,0
19247,0
23803,0
76543,0
7069,0
71284,0
23373,0
13484,0
63689,1
66433,0
71691,0
28947,0
2488,0
21175,0
12166,0
15107,0
9532,0
7375,0
47992,0
51153,0
13830,0
22398,0
9873,0
50442,0
39330,0
11783,0
7080,0
14813,1
8868,0
39826,0
15191,0
48444,0
5842,0
56948,0
54717,0
53063,0
38383,0
19108,0
5209,0
36024,0
41558,0
48294,0
51987,0
20879,0
27283,0
48687,0
64615,0
52871,0
20745,0
64344,0
76092,0
62808,0
74283,0
5897,0
46706,0
60392,0
62797,0
15754,0
10019,0
19394,0
37096,0
61730,0
2859,0
42204,0
39846,1
39510,0
16379,0
71527,0
63596,0
36518,0
2728,0
26263,0
51076,0
11773,0
76363,0
21223,0
46094,0
70855,0
30677,0
32919,0
24073,0
7468,0
64386,0
26247,0
46315,0
25294,0
59812,0
9405,0
66914,0
15370,0
55543,0
65291,0
62396,0
41358,0
66166,0
72975,0
42277,0
77804,0
63918,0
49529,0
17633,0
21684,0
31030,0
19596,0
48540,0
15058,0
37384,0
56008,0
46542,0
10216,0
7206,0
41351,1
32924,0
62445,0
52813,0
24827,0
73694,0
54350,0
28882,0
30671,0
59646,0
69710,0
70108,0
38572,0
21260,0
4026,0
7074,0
12224,0
12429,0
4513,1
48789,0
27379,0
31973,0
18422,0
22967,0
43286,0
35268,0
77711,0
47251,0
1974,0
7909,0
43727,0
68644,0
20267,0
64671,0
22154,0
32723,0
18005,0
76701,0
49784,0
34066,0
28132,0
6664,0
59678,0
37688,0
36179,0
56503,0
74916,0
56600,0
28243,0
58305,0
37670,0
70393,0
57801,0
32598,0
41513,0
52428,0
15993,0
29915,0
23559,0
29193,0
70462,0
44979,0
75762,0
35964,0
72241,0
33917,0
54001,0
7860,0
4664,0
15536,0
64856,0
52392,0
25961,0
1707,0
31723,0
672,0
53962,0
7406,0
2172,0
10038,0
34829,0
54147,0
17247,0
11219,0
48740,0
21310,0
67783,0
55878,0
26957,0
29959,0
54213,0
16268,0
21117,0
47895,0
27732,0
50096,0
65972,0
41809,0
26849,1
23,0
14795,0
11125,0
55925,0
72499,0
15059,0
58987,0
27845,0
11634,0
726,0
30740,0
11945,0
58226,0
2574,0
68141,0
23555,0
28251,0
59580,0
43967,0
10821,0
77861,0
59440,0
63653,0
41070,0
74067,0
35881,0
52095,0
19084,0
50753,0
3701,0
69210,0
3190,0
49615,0
10543,0
55458,0
53732,0
74170,0
25587,0
51236,0
65057,0
64893,0
56938,0
12430,0
8252,0
8673,0
52013,1
59992,0
29037,0
77589,0
74232,0
21772,0
75909,0
43315,0
8502,0
70863,0
30074,0
21647,0
73083,0
30272,0
36124,0
30653,0
69490,0
22378,0
43154,0
9111,0
59369,0
31538,0
52399,0
66943,0
19995,0
45665,0
70527,0
26869,1
20044,0
70754,0
517,0
59611,0
24690,0
17958,0
45251,0
59213,0
10688,0
76888,0
18968,0
34022,0
17182,0
16452,0
37512,0
76615,0
21252,0
68087,0
29884,0
1024,0
73110,0
33138,0
63894,0
36223,0
62952,0
77567,0
69234,0
63924,0
66300,0
51010,0
12654,0
50986,0
67627,0
17870,0
23068,0
53396,0
10034,0
60436,0
57791,0
53153,0
16512,0
48197,0
33650,0
7786,0
49875,0
7797,0
52768,0
67884,0
69070,0
65176,0
50436,0
43481,0
68779,0
23765,0
42559,0
44379,0
58757,0
71104,0
11318,0
24163,0
59841,0
47309,0
44558,0
28355,0
6988,0
56676,0
54214,0
77267,0
56603,0
13627,0
21449,0
60828,0
43531,0
8075,0
50243,0
27698,0
58162,0
3121,0
46997,0
55483,0
736,0
27817,0
17288,0
627,0
9167,0
11036,0
75884,0
75788,0
9230,0
1422,1
63246,0
62909,0
54519,0
61873,0
71183,0
44744,0
13956,0
52644,0
60962,0
65272,0
37586,0
54188,0
59842,0
48590,0
71847,0
39648,0
61845,0
20522,0
27602,0
56892,0
23015,0
62183,0
73412,0
23333,0
53517,0
75346,0
67409,0
31266,0
6445,0
13827,0
62568,0
27482,0
2114,1
10369,0
59065,0
34929,0
30334,0
26530,0
6695,0
39986,0
63093,0
76767,0
54998,0
43424,0
39372,0
40410,0
9081,0
69250,0
11087,0
30342,0
72809,0
6908,0
28161,0
76684,0
49845,0
4650,0
5622,0
68135,0
24372,0
11832,0
16113,0
21759,0
10538,0
72288,0
57099,0
31201,0
43745,0
55624,0
26527,0
25032,0
65991,0
35645,0
2638,0
76087,0
57925,0
74626,1
24443,0
77376,0
14723,0
67390,0
30027,0
21258,0
72625,0
15399,0
15347,0
72153,0
8863,0
77896,0
35843,0
16522,0
3189,0
14606,0
35733,0
4874,0
41399,0
19178,0
65914,0
61744,0
51280,0
73810,0
7783,0
77397,0
54832,0
56278,0
2725,0
74329,0
50580,0
60628,0
32016,0
24977,0
64107,0
74310,0
24127,0
64700,0
15273,0
34227,0
20391,0
2197,0
50356,0
41396,0
74009,0
26455,0
41221,0
59254,0
46950,0
51964,0
8978,0
2811,0
50678,0
35045,0
65639,0
35791,0
39417,0
69870,0
228,0
868,0
21424,0
4239,0
73897,0
49457,1
16928,0
28529,0
70729,0
21583,0
21333,0
33864,0
13552,0
31800,0
3651,0
20753,0
6007,0
6884,0
29216,0
50393,0
14449,0
54410,0
5470,0
65258,0
40070,0
19565,0
10741,0
63401,0
49886,0
64917,0
35830,0
52424,0
60260,0
56604,0
36330,0
63206,0
73972,0
31884,0
41724,0
49031,0
68954,0
26015,0
10386,0
27529,0
15214,0
46038,0
4336,0
76827,0
60697,0
43537,0
16462,0
944,0
63624,0
64873,0
18136,0
15247,0
49058,0
204,0
32369,0
31563,0
3161,0
60986,0
56969,0
64750,0
2266,0
56746,0
77311,0
42657,0
77082,0
25614,0
27980,0
32917,0
65274,0
30500,0
45630,0
51376,0
7811,0
10757,0
42265,0
34632,0
32231,0
71804,0
7680,0
21197,0
40877,0
20310,0
50937,0
55016,0
41365,0
64341,0
40258,0
1926,0
9700,0
67640,0
46906,0
64232,0
41154,0
48132,0
55595,1
63541,0
42901,0
66495,0
53314,0
1913,0
42755,0
50051,0
16980,0
53861,0
9668,0
56323,0
5243,0
4723,0
75993,1
30465,0
12180,0
18811,0
11905,0
41970,0
47732,0
35285,0
74926,0
43580,0
59844,0
17367,0
31433,0
9606,0
60455,0
51812,0
61986,0
18219,0
7616,0
28331,0
75947,0
55734,0
75507,0
39106,0
69054,0
63980,0
19772,0
54433,0
3436,0
15470,0
1718,0
19344,0
44288,0
28739,0
74827,0
56783,0
60197,0
17165,0
22861,0
39713,0
30832,0
658,0
10993,0
54807,0
553,0
34750,0
67202,0
76062,0
50300,0
36667,0
75991,0
26100,0
63022,0
43293,0
68085,0
15715,0
34813,0
30915,0
39001,0
53973,0
10520,0
54349,0
47520,0
16389,0
17852,0
10311,0
12074,0
54670,0
14028,0
73442,1
17014,0
47049,0
60701,0
45581,0
35394,0
10333,0
25695,0
21023,0
43545,0
2310,0
22922,0
56510,0
7267,0
45289,0
1874,0
17620,0
50485,0
75793,0
24344,1
45355,0
31912,0
27261,0
77657,0
61365,0
64953,0
39081,0
18387,0
73475,0
44734,0
73408,0
56917,0
69673,0
63591,0
27463,0
51027,0
13217,0
77391,0
47461,0
43019,0
46120,0
71020,0
62932,0
50225,0
67947,0
12956,0
14037,0
19894,0
20838,0
42325,0
29412,0
16319,0
67962,0
77252,0
2408,0
65074,0
40319,0
19833,0
9553,0
16600,0
49294,0
73084,0
61201,0
66961,0
66208,0
32911,0
27627,0
53198,0
7731,0
17792,0
11574,0
22152,0
61548,0
69127,0
22010,0
31752,1
59555,0
9030,0
61861,0
28603,0
8974,0
34853,0
29374,0
3466,0
20540,0
14517,0
41962,0
62202,0
29918,0
73593,0
74640,0
21045,0
6342,0
36601,0
75291,0
22873,0
40978,0
38787,0
53105,0
61762,0
48858,0
56303,0
3856,0
10278,0
12223,0
39622,0
69102,0
17265,0
74704,0
66297,0
5211,0
71414,0
18861,0
479,0
4372,0
48994,0
66997,0
13126,0
10121,0
33531,0
72686,0
68538,0
24325,0
50507,0
22189,0
75832,0
34170,0
12691,0
61786,0
47630,0
13677,0
56951,0
59234,0
3997,0
36521,0
24567,0
60318,0
68137,0
15160,0
53246,0
33892,0
6013,0
21100,0
23242,0
5321,0
28897,0
9196,1
13988,0
17053,0
42974,0
41134,0
60651,0
74581,0
47247,0
8468,0
16876,0
49590,0
46114,0
47786,0
76346,0
30377,0
10336,0
77177,0
75476,0
50293,0
57898,0
48419,0
8347,0
12902,0
32149,0
73957,0
60990,0
23160,0
77380,0
4224,0
61784,0
53607,0
14082,0
41357,0
51313,0
16229,0
22875,0
71387,0
19461,0
73659,1
47417,0
14482,0
63612,0
61831,0
30398,0
64501,0
39537,0
39402,0
28730,0
10050,0
30080,0
28999,0
76897,0
36273,0
74590,0
70175,0
24277,0
45044,0
6765,0
17492,1
43414,0
28249,0
15142,0
20169,0
55,0
48480,0
59868,0
36220,0
6732,0
46660,0
18100,0
45569,0
49444,0
22063,0
41071,0
66853,0
54241,0
22810,0
54046,0
31172,0
60493,0
13063,0
71878,0
63102,0
28135,0
72545,0
71965,0
16040,0
46517,1
52372,0
11344,0
29678,0
48233,0
12530,0
47673,0
7995,0
35336,0
34136,0
55573,0
33445,0
11045,0
67189,0
45241,0
36150,0
60736,0
48234,0
58592,0
23909,0
40518,0
28636,0
47969,0
41287,0
52770,0
51952,0
27658,0
64136,0
28232,0
19422,0
37155,0
37481,0
48518,0
52769,0
19088,1
126,0
31887,0
44696,0
3461,0
75515,0
23809,0
35473,0
34283,0
49185,0
8540,0
11744,0
41795,0
30685,0
53425,0
30351,0
50135,0
67073,0
41127,0
13464,0
11271,0
33867,0
56381,0
17583,0
50463,0
10325,0
13864,0
24257,0
76327,1
18980,0
24889,0
74960,0
65586,0
72506,0
25252,0
16633,0
39129,0
54070,0
8332,0
33354,0
7859,0
51469,0
30380,0
28874,0
71851,0
51777,0
9957,0
76000,0
42856,0
6456,0
65750,0
22238,0
18137,0
63710,0
46010,0
39843,0
60867,0
37632,0
73458,0
44223,1
7947,0
15936,0
55172,0
30986,0
9610,0
10958,0
72249,0
46695,0
51607,0
50833,0
9275,0
67588,0
68015,0
8441,0
53217,0
45384,0
75539,0
2999,0
36993,0
1549,0
48465,0
62275,0
9135,0
6443,0
31642,0
56643,0
17429,0
27740,0
38295,0
58109,0
39325,0
15568,0
71755,0
4004,0
1293,0
48649,0
68773,0
33505,0
60009,0
38584,0
40263,0
1704,0
5551,0
51108,0
38693,0
52313,0
27399,0
77897,0
21119,0
2028,0
78208,0
22719,0
75197,0
66332,0
1936,0
64055,0
39869,0
45295,0
3965,0
5762,0
32229,0
3571,0
9781,0
52028,0
56501,0
25518,1
47554,0
50327,0
32741,0
10194,0
62000,0
75353,0
55332,0
21718,0
8679,0
27733,0
56015,0
23302,0
11739,0
61814,0
36376,0
69701,0
60516,0
77792,0
22223,0
67372,0
26837,0
73081,0
63418,0
61536,0
37738,0
41205,0
60251,0
19375,0
23268,0
72012,0
47150,0
29433,0
833,0
74837,0
34915,0
67900,0
56966,0
59329,0
70815,0
22613,0
1910,0
27637,0
15379,0
52640,1
27825,0
26862,0
65519,0
17920,0
28011,0
13842,0
52511,0
34935,0
60401,0
5464,0
70658,0
32286,0
35683,0
38475,0
55286,0
40995,0
16253,0
39768,0
57280,0
54869,0
37435,0
67152,0
42452,0
46390,0
63348,0
32830,0
6393,0
50932,0
68982,0
69120,0
29632,0
38056,0
8232,0
43753,0
60016,0
2382,0
47779,0
44389,0
76572,0
49949,0
69696,0
36753,0
36869,0
28590,0
66698,0
62276,0
45014,0
19250,0
3820,0
23484,0
69033,0
32139,0
64314,0
60782,0
59865,0
49003,0
69414,0
66956,0
41044,0
72492,0
1217,0
60428,0
3780,0
34998,0
68440,0
67301,0
19977,0
10771,0
15168,0
9274,0
6133,1
25206,0
46728,0
11155,0
35589,0
54605,0
38344,0
29288,0
67683,0
52735,0
72433,0
21548,0
33675,0
29919,0
9207,0
32249,0
61497,0
45593,0
40246,1
42879,0
27064,0
29835,0
47179,0
16690,0
53907,0
60699,0
60526,0
30580,0
7932,0
27206,0
20482,0
32882,0
11586,0
29201,0
47207,0
68680,0
19782,0
34731,0
35265,0
65764,0
15519,1
37156,0
13658,0
58398,0
17984,0
47798,0
5760,0
43742,0
62087,0
60870,0
66214,0
53682,0
15628,0
52752,0
62323,0
54738,0
18377,0
38377,0
14919,0
23915,0
28278,0
70934,0
10579,0
71960,0
22721,0
73839,0
35253,0
57427,0
43280,0
74561,0
50996,0
76506,0
10824,1
51465,0
60504,0
77956,0
6388,0
24209,0
18979,1
31587,0
625,0
8888,0
40547,0
57508,0
55703,0
41987,0
10479,0
31613,0
23326,0
35511,0
74750,0
31995,0
69865,0
76891,0
20525,0
54277,0
2052,0
45759,0
69194,0
12528,0
75442,0
49424,1
49340,0
69906,0
47100,0
36301,0
70435,0
4848,0
48057,0
27550,0
338,0
41216,0
39726,0
33155,0
64186,0
70335,0
69562,0
56188,0
48881,0
31191,0
61854,0
20358,0
69561,0
29938,0
75681,0
50600,0
12007,0
21456,0
47588,0
72886,0
8436,0
13527,0
52683,0
5990,0
34693,0
20327,0
57421,0
40478,0
62372,0
41511,1
29732,0
38253,0
30961,0
11640,0
13010,0
71051,0
15838,0
41411,0
15817,0
15479,0
13793,0
23063,0
37888,0
64452,0
53877,0
74131,0
5511,0
22025,0
21280,0
31481,0
30684,0
59376,0
1045,0
37275,0
51670,1
45885,0
64518,0
13332,0
48326,0
39663,0
13110,0
77940,0
19854,0
48340,0
75768,0
44895,0
9636,0
24237,0
22011,0
63498,0
69423,0
43074,0
5499,0
32813,0
19821,0
33579,0
18942,0
46081,0
30761,0
5590,0
1180,0
63417,0
58476,0
45172,0
56965,0
40892,0
14310,0
35974,0
58684,0
28633,0
34835,0
49400,0
64475,0
10435,0
18052,0
58396,0
45742,0
8500,0
49515,0
23058,0
45425,0
52308,0
72204,0
18629,0
10725,0
41236,0
17191,0
35717,0
45386,0
52709,0
56616,0
66317,0
32533,0
30063,0
42131,0
77697,0
21215,0
39229,0
20715,0
46151,0
22689,0
58292,0
11934,0
5583,0
36677,0
31001,0
64674,0
68298,0
48627,0
38452,0
1769,0
2394,0
51077,0
41591,0
8368,0
67340,0
1818,0
21027,0
38808,0
42927,0
34892,1
42731,0
44826,0
6822,0
10455,0
71207,0
26604,0
64428,0
1832,0
59541,0
44648,0
73107,0
61433,0
30159,0
18138,0
12570,0
48205,0
23205,0
24361,0
5007,0
42534,0
55399,0
74439,0
58844,0
55176,0
13823,0
14392,0
44519,0
50331,1
34118,0
44797,0
629,0
52926,0
56877,0
12752,0
6730,0
7768,0
75254,0
59771,0
282,0
19157,0
10103,0
2054,0
1202,0
61269,0
34326,0
55199,0
28403,1
24329,0
36138,0
29930,0
55692,0
64099,0
64297,0
19801,0
4012,0
64332,0
4353,0
21446,0
50796,0
51902,0
17070,0
67418,0
70422,0
19666,0
58955,0
11707,0
37762,0
53618,0
59563,0
50310,0
60595,1
66534,0
56218,0
59392,0
64641,0
6035,0
11600,0
60196,0
34151,0
27306,0
70496,0
8092,0
10850,0
69792,0
76856,0
55327,0
53647,0
39801,1
75906,0
75457,0
40614,0
2688,0
52706,0
1587,0
32466,0
28283,0
29856,0
3155,0
56176,0
27569,0
55339,0
5570,0
68220,0
67062,0
57624,0
59576,0
25505,0
76101,0
51570,0
15526,0
8354,0
51592,0
47927,0
22439,0
49189,0
28395,0
23819,0
1581,0
20040,0
23982,0
36036,0
21162,0
34770,0
61416,0
48245,0
3774,0
22041,0
55512,0
33165,0
15002,0
64912,0
27387,0
43920,0
53447,0
29335,0
49104,0
58296,0
19793,0
61401,0
43945,0
52380,0
7842,0
2214,0
41826,0
74752,0
5030,0
64064,0
11206,0
74205,0
48761,0
27919,0
12499,0
34769,0
75054,0
65172,0
22402,0
17866,0
12012,0
63985,0
75663,0
27007,0
52834,0
32808,0
23395,1
44084,0
39945,0
71056,0
29362,1
66991,0
21702,0
18855,0
22314,0
14815,0
6486,0
5957,0
70178,0
66883,0
51827,0
76385,0
30789,0
11558,0
14145,0
19338,0
49518,0
48790,0
58315,0
71517,0
864,0
45116,0
32534,0
12039,0
30720,0
78075,0
70617,0
16,0
15892,0
15702,0
72677,0
4422,0
20160,0
9630,0
58209,0
40042,0
35386,0
70374,0
51111,0
36827,0
19601,0
17825,0
16971,0
76895,0
71434,0
72451,0
4622,0
68913,0
41576,0
55271,0
45074,0
26350,0
4298,0
49543,0
73454,0
62038,0
64843,0
30065,0
43916,0
11343,0
74154,0
20865,0
74344,0
14786,0
61065,0
70849,0
67326,0
7670,0
11492,0
16446,0
64067,0
53894,0
61654,0
55133,0
13380,0
57313,0
18024,0
76634,0
18122,0
44661,0
16472,0
31174,0
58460,0
27739,0
66753,0
11682,0
43499,0
39210,0
10322,0
53944,0
12463,0
68930,0
62823,0
55119,0
26018,0
6726,0
40370,0
16807,0
37429,0
9323,0
21081,0
52672,0
19309,0
19785,0
47824,0
25094,1
5122,0
74557,0
18781,0
45243,0
62166,1
65688,0
33927,0
15555,0
66055,0
1843,0
30504,0
77053,0
23296,0
44146,0
33125,0
21894,0
58838,0
21182,0
76269,0
63199,0
50557,0
70267,0
73835,0
30295,0
8362,0
8085,0
74072,0
68219,0
26541,0
12164,0
70719,0
879,0
30296,0
46356,0
68831,0
63203,0
29710,0
71014,0
15877,0
9922,0
47694,0
10675,0
8383,0
64984,0
20504,0
43639,0
24015,0
27197,0
37075,0
64878,0
63064,0
74278,0
4478,0
35296,0
70928,0
33876,0
8185,0
76892,0
32467,0
72561,0
68566,0
36498,0
20375,0
8716,0
8461,0
41812,0
59490,0
51757,0
51865,0
4309,0
64885,0
20168,0
66087,0
73009,1
30164,0
67864,0
35816,0
76192,0
60888,0
55590,0
50283,0
41551,0
42146,0
67875,0
61813,0
68570,0
14736,0
7659,0
6682,0
37576,0
55026,0
41550,0
72398,0
2892,0
39098,0
50982,0
51580,0
77914,0
10922,0
18382,0
42668,0
76359,0
74333,0
2573,0
76559,0
68232,0
9985,0
5082,0
73938,0
36101,0
44167,0
45108,0
47090,0
73522,0
39153,0
69591,0
28165,0
7937,0
9535,0
21889,0
48698,0
1145,0
58190,0
78006,0
61926,0
31026,0
37098,0
77035,0
651,0
42878,0
75645,0
19255,0
65631,0
35412,0
34480,0
71650,0
51839,0
26847,0
31479,0
9359,0
33249,0
13840,0
23150,0
2325,0
53842,0
77803,0
67457,0
55194,0
29960,0
41569,0
10899,0
33213,0
73179,0
78058,0
77202,0
37225,0
24874,0
76316,0
59098,0
53290,0
63148,0
63822,0
2614,0
62483,0
57703,0
35775,0
28125,0
2418,0
44885,0
48027,0
50649,0
9933,0
69081,0
53201,0
6808,0
65488,0
19528,0
54477,0
49951,0
54415,0
61931,0
1119,0
63462,0
22101,0
8568,0
8600,0
52936,0
63614,0
52124,0
18797,0
4256,0
39870,0
51095,0
46141,0
44898,0
74073,0
45471,0
66030,0
28826,0
12508,0
11937,0
76334,0
8723,0
45446,1
52583,0
68908,0
2001,1
8595,0
65126,0
28428,0
22896,0
24347,0
74688,0
76692,0
66343,0
19034,0
41843,0
40691,0
41577,0
30872,0
19722,0
47091,0
76229,0
68016,0
56816,0
8114,0
29399,0
65155,0
59957,0
8060,0
5491,0
43030,0
36920,0
47664,0
43058,0
30714,0
48536,0
13339,0
39319,0
22604,0
62022,0
33140,0
32824,0
50509,0
5137,0
11013,0
34933,0
48056,0
12280,0
12477,0
32310,0
19044,0
75945,0
6979,0
12198,0
6326,0
22440,0
27549,0
32172,0
12740,0
6103,0
40466,0
54928,0
75347,0
72217,0
54174,0
26791,0
48096,0
17082,0
77839,0
16582,0
18957,0
1553,0
31940,0
47438,0
61331,0
12229,0
76480,0
68403,0
11831,0
5902,0
41651,0
66284,0
59517,0
2605,0
18363,0
48605,0
23109,0
52648,0
31164,0
9814,0
60883,0
77971,0
21863,0
53394,0
8880,0
29085,1
11270,0
12470,0
56110,0
64613,0
36383,0
20324,0
33069,0
64270,0
40147,0
76519,0
26123,0
73529,0
56105,0
67047,0
18953,0
55765,0
8589,0
53855,0
18609,0
10519,0
49966,0
70943,0
15839,0
34106,0
34031,0
52720,0
24922,0
55404,0
16921,0
762,0
26361,0
58215,0
72058,0
33106,0
77707,0
63139,0
53064,0
22585,0
64361,0
3733,0
58643,0
77917,0
22051,0
657,0
36262,0
17446,0
32645,0
43653,0
3909,0
27754,0
37472,0
25690,0
55830,0
67443,0
17550,0
76819,0
24074,0
49624,0
54727,0
28787,0
23416,0
40207,0
32771,0
23013,0
6034,0
63826,0
40274,0
65595,0
65691,0
63520,0
10504,0
93,0
26759,0
51651,0
40417,0
14282,0
29138,0
25305,0
497,0
20824,0
31964,0
33417,0
4890,0
49932,0
66567,0
50440,0
78193,0
66198,0
42331,0
17324,0
15335,0
37550,0
46675,0
35763,0
20118,0
51730,0
37661,0
61040,0
20868,0
74616,0
10117,0
46704,0
17437,0
23733,0
55291,0
41485,0
18182,0
7432,0
53393,0
61922,0
53426,0
28179,0
24852,0
8204,0
58386,0
46300,0
31289,0
25142,0
44975,0
68149,0
61600,0
77785,0
50801,0
27761,0
56793,0
43855,0
50170,0
40605,0
3118,0
67959,1
18625,0
26013,0
26131,0
38491,0
34508,0
74182,1
10035,0
51731,0
9618,0
57074,0
13360,0
63388,0
41363,0
13895,0
9791,0
21452,0
39985,0
30779,1
77599,0
18056,0
88,0
72429,0
47070,0
23934,0
14440,0
19297,0
10359,0
75107,0
30753,0
15008,0
8414,0
77936,0
32129,0
71526,0
78062,0
26027,0
50410,0
55150,0
40091,0
22229,0
23264,0
3010,0
56092,0
25837,0
46237,0
22235,0
20588,0
54642,0
12589,0
58669,0
28762,0
46326,0
27528,0
43853,0
75010,0
65264,0
14894,0
939,0
74652,0
36389,0
44937,0
765,0
64954,0
35765,0
11775,0
10782,0
11347,0
32488,0
19754,0
8056,0
4720,0
70758,0
56032,0
21658,0
27809,0
19290,0
31071,0
28867,0
57661,0
68132,0
11472,0
62190,0
58599,0
71363,0
10857,0
23176,0
4870,0
10904,0
60122,0
21084,0
20105,0
21828,0
14874,0
10475,0
21615,0
18140,0
49676,0
74394,0
54803,1
4669,1
32599,0
8067,0
53695,0
34076,0
22364,0
60152,0
30068,0
17688,0
53629,0
15034,0
59954,0
61317,0
18995,0
14897,0
43056,0
13433,0
32499,0
40803,0
15325,1
71568,0
23847,0
3582,0
3555,0
19150,0
46812,0
35695,0
77763,0
51345,0
24129,0
48672,0
21666,0
65203,0
48800,0
8378,0
22142,0
44111,0
56894,0
65941,0
69782,0
74867,0
56906,0
25375,0
52309,0
9438,0
46353,0
9828,0
33582,0
42960,0
28368,0
25356,0
78295,0
66309,0
57413,0
6857,0
57835,0
77760,0
55034,0
56653,0
46396,0
36819,1
37704,0
12446,0
54948,0
71202,0
54051,0
37390,0
9582,0
7190,0
71972,0
66729,0
801,0
10076,0
35654,0
51915,0
62481,0
16287,0
20431,0
1528,0
25154,0
65194,0
35348,0
45660,0
10947,0
54865,0
30638,0
27873,0
4467,0
23064,0
52154,0
66575,0
51005,0
289,0
24795,0
70225,0
24603,0
63145,0
53686,0
31726,0
70607,0
4839,0
50370,0
1969,0
11175,0
12255,0
73516,0
77433,1
9567,0
66456,0
50769,0
2847,0
14831,0
44923,0
63713,0
71732,0
11901,0
67353,0
22570,0
25118,0
62848,0
798,0
59196,0
5231,0
69774,0
40748,0
8801,0
5135,0
54302,0
33108,0
26355,0
69668,0
55751,0
50066,0
13515,0
66327,0
16773,0
38024,0
15934,0
11365,0
29179,0
74822,0
48474,0
43486,0
52356,0
23694,0
24571,0
55737,0
46036,0
48109,0
22239,0
67517,0
65841,0
38298,0
27473,0
50505,0
6088,0
71388,0
11383,0
41151,0
10088,0
4668,0
25765,0
14053,0
64638,0
30592,0
165,0
18225,0
55883,0
24523,0
47432,0
77269,0
13346,0
37111,0
48913,0
2289,0
41783,0
31166,0
44438,0
27411,0
77324,0
65544,0
59584,1
76465,0
33726,0
70892,0
49769,0
68324,0
27881,0
67625,0
58878,0
28651,1
69410,0
10314,0
10687,0
4206,0
2559,0
28936,0
47368,0
20468,0
68392,0
16987,0
53227,0
51608,0
73803,0
4143,0
56404,0
52529,0
61080,0
46920,0
50855,0
52556,0
44719,0
15070,0
5287,0
26820,0
22128,0
14029,0
31414,0
47194,0
73039,0
24465,0
68922,0
506,0
14340,0
70196,0
65336,0
7281,0
77238,0
5046,0
4840,0
49445,0
23074,0
24200,0
27935,0
53440,0
39392,0
27991,0
29677,0
21480,0
37587,0
26369,0
44180,0
70099,0
71719,0
25348,0
11670,0
8623,0
75926,0
11790,0
11881,0
9282,0
59887,0
5661,0
50733,0
27065,0
43105,0
26391,0
38480,0
64236,0
9225,0
77776,0
59450,0
28792,0
61768,0
46376,0
50916,0
45614,0
64097,0
13862,0
26596,0
20816,0
28543,0
32294,0
77793,0
12293,0
4202,0
52758,0
1191,0
3240,0
69001,0
42016,0
1149,0
55755,0
14215,0
34249,0
69509,0
41395,1
38667,0
72921,0
42323,0
52852,0
57218,0
61904,0
60592,0
24048,0
23824,0
31367,0
72741,0
42569,0
30853,0
4520,0
56445,0
67989,0
56865,0
20679,0
26313,0
14719,0
793,0
3624,0
65359,0
75870,0
71321,0
17915,0
26941,0
55036,0
74591,0
34219,0
45671,0
22450,0
53615,0
6797,0
75142,0
56094,0
11394,0
11226,0
17317,0
68150,0
41942,0
41754,0
25065,0
40383,0
29298,0
59990,0
19339,0
4775,0
28483,0
29845,0
27173,0
46048,0
49052,0
50277,0
75433,0
43781,0
37282,0
41299,0
71760,0
41323,0
40467,0
14698,0
9545,0
68227,0
25239,0
57181,0
57221,0
25631,0
20284,0
546,0
34882,0
27179,0
77557,0
55312,0
7806,0
6055,0
68084,0
28310,0
7313,0
74381,0
47696,0
31625,0
32259,0
41487,0
17164,0
50024,0
61049,0
23024,0
72166,0
57284,0
74553,0
2900,0
28376,0
38335,0
40047,0
38268,0
55095,0
67738,0
61699,0
47998,0
52794,0
55987,0
43759,0
78243,0
69262,0
76337,0
69749,0
58118,0
7232,0
63995,0
38792,0
58571,0
75341,0
41455,0
32033,0
53763,0
29297,0
46808,0
59763,0
51464,0
13371,0
34238,0
70322,0
5277,0
342,0
77794,0
59535,0
56045,0
6152,0
21833,0
50549,0
46206,0
12518,0
36534,0
14054,0
26196,0
7012,0
70712,0
56821,0
14682,0
53066,0
53587,0
61924,0
33800,0
87,0
9335,0
52548,0
13775,0
26436,0
52956,0
14738,0
37595,0
60482,0
22250,0
12423,0
51429,0
2663,0
27145,0
76633,0
41523,0
10596,0
148,0
66788,0
25203,0
7730,0
69787,0
40496,0
18792,0
24050,0
30993,0
37874,0
9284,0
41089,0
30302,0
3502,1
75953,0
37771,0
15000,0
53362,0
62498,0
67732,0
518,0
36790,0
67520,0
65510,0
62570,0
14150,0
25067,0
45057,0
52382,0
71103,0
27970,0
42644,0
60296,0
11189,0
6467,0
38436,0
14655,0
33809,0
42079,0
35909,0
55175,0
5535,0
13678,0
18254,0
35102,0
50941,0
25410,0
32270,0
50745,0
41554,0
55807,0
14088,0
27430,0
41469,0
77240,0
26924,0
65027,0
41335,0
73245,0
72016,0
5052,0
54588,0
47312,0
38158,0
70263,0
69700,0
63674,0
54354,0
29624,0
60001,0
46702,0
73147,0
49464,0
59562,0
49981,0
50306,0
51775,0
22390,0
8275,0
59640,0
14619,0
42723,0
64491,0
27664,0
4950,0
13747,0
24569,0
30765,0
23955,0
8924,0
77175,0
67691,0
43680,0
13639,0
40845,0
75420,0
43614,0
1206,0
66850,0
5383,0
17154,0
22554,0
49062,0
61154,0
8590,0
17742,0
67333,0
67198,0
27675,0
54768,1
15760,0
55969,0
65701,0
5317,0
17371,0
62213,0
39165,0
7048,0
56202,0
48940,0
59025,0
17949,0
34437,0
67101,0
74094,0
55944,0
59139,0
68611,0
43525,0
24322,0
2218,1
43036,0
68026,0
15584,0
3559,0
70869,0
42769,0
7980,0
32850,0
48724,0
63161,0
32130,0
76015,0
30049,0
49496,0
9035,0
1597,0
20892,0
66974,0
67922,0
12391,0
9430,0
31924,0
60587,0
33868,0
7622,0
19913,0
39617,0
57143,0
71656,1
64150,0
37816,0
39049,0
74577,0
41707,0
8985,0
20041,0
28852,0
75824,0
57458,0
48379,0
40532,0
73339,0
71703,0
38944,0
12523,0
28264,0
68129,0
19853,0
37811,0
34578,0
408,0
24445,0
77650,0
37650,0
8615,0
39380,0
19588,0
47328,0
29715,0
50681,0
4460,0
33413,0
71186,0
51646,0
73589,0
10844,0
18805,0
14549,0
77161,0
24737,0
13083,0
47228,0
16478,0
38090,0
13806,0
3158,0
11362,0
75252,1
25535,0
64472,0
43963,0
8106,0
72913,0
8389,0
23123,0
38561,0
77080,0
52085,0
2970,0
7898,0
52915,0
10428,0
22437,0
13908,0
73171,0
50958,0
65460,0
22603,0
70111,0
35633,0
22592,0
1993,0
3664,0
44199,0
7679,0
75747,0
60745,0
57971,0
72855,0
20912,0
2665,1
60342,0
67031,0
31485,0
47377,0
66307,0
63868,0
25461,0
55496,0
11806,0
32367,0
23369,0
19776,0
41834,0
41110,0
45919,0
46377,0
38864,0
40967,0
58898,0
68841,1
46634,0
22562,0
36116,0
31702,0
19873,0
3258,0
73456,0
25928,0
75907,0
68017,0
11331,0
48726,0
13559,0
70423,0
40495,0
58328,0
70090,0
53513,0
24878,0
59338,0
69027,0
1663,0
21910,0
23082,0
70042,0
23568,0
64654,0
33494,0
73986,0
41910,0
33981,0
16602,0
69245,0
72746,0
65149,0
6758,0
47811,0
47229,0
47629,0
36825,0
53708,0
45417,0
5915,0
33676,0
28030,0
15260,0
57858,0
8602,0
48002,0
11515,0
49741,0
20456,0
46945,0
28103,0
12892,0
16291,0
71336,0
23403,0
27244,0
25099,0
36433,0
58197,0
16963,0
56944,0
23167,0
19687,0
459,0
61937,0
35328,0
30429,0
55775,0
48156,1
10513,0
24385,0
62548,0
8639,0
10144,0
55243,0
67679,0
62306,0
62303,0
41560,0
41568,0
21546,0
44899,1
73401,0
61394,0
57479,0
28715,0
23056,0
51667,0
59232,0
6541,0
38995,0
10496,0
75632,0
74031,0
4976,0
17441,0
57876,0
52507,0
4603,0
62933,0
51710,0
61127,0
47648,0
18055,0
12174,0
56467,0
47956,0
73446,0
46844,0
54234,0
2819,0
15305,0
44107,0
65826,0
16104,0
35508,0
69570,0
43224,1
14665,0
52461,0
5386,0
35266,0
51675,0
37053,0
7045,0
41802,0
28849,0
43454,0
37112,0
71099,1
46263,0
17232,0
7813,0
37247,0
71780,0
73816,0
51340,0
51897,0
53442,0
35030,0
32954,0
42086,0
40833,0
25788,0
14243,0
57748,0
65191,0
20795,0
56671,0
12649,0
49167,0
11130,0
25749,0
14228,0
23768,0
18240,0
37192,0
77976,0
76025,0
54314,0
52077,0
71427,0
44354,0
30863,0
36796,0
58096,0
46539,0
68385,0
73238,0
9932,0
60857,0
17095,0
18407,0
54707,0
6377,0
702,0
60795,0
31197,0
42597,0
17002,0
53191,0
21909,0
63631,0
22383,0
3903,0
7917,0
10210,0
26200,0
41069,0
4009,0
23746,0
27727,0
20681,0
39015,0
3619,0
18633,0
39357,0
71059,0
36949,0
21790,0
10702,0
10242,0
35910,0
19035,0
493,0
53361,0
28459,0
12422,0
32313,0
42332,1
64707,0
62563,0
72027,0
18173,0
27927,0
7761,0
13584,0
49789,0
8707,0
3222,0
35876,0
6238,0
29968,0
45735,0
1122,0
57695,0
26168,0
31622,0
69352,0
65736,0
52006,0
18568,0
53541,0
11512,0
40458,0
66436,0
22279,0
78082,0
58822,0
28474,0
799,0
76676,0
55796,0
38959,0
9731,0
49575,0
4367,0
21569,0
61928,0
57919,0
15106,0
14100,0
62208,0
48142,0
52094,0
23876,0
69976,0
32870,0
36717,0
27667,0
31802,0
1673,0
50354,1
76421,0
9219,0
56172,0
25489,0
75600,0
33489,0
22600,0
61225,0
13300,0
53280,0
29945,0
30818,0
23499,0
40615,0
41605,0
45678,0
56989,0
1380,0
5627,0
9394,0
55510,0
55467,0
9761,0
18660,0
6143,0
5078,0
23661,0
2976,0
21130,0
61216,0
66598,0
65278,0
61131,0
15310,0
5284,0
76979,0
75067,0
18536,0
2082,0
50396,0
34913,0
46568,0
8996,0
59424,0
17748,0
22847,0
31125,0
49912,0
8526,0
3358,0
14267,0
26523,0
3039,0
65361,0
59170,0
13860,0
14066,0
29274,0
61917,1
74498,0
29414,0
53770,0
6362,1
71898,0
68983,0
11880,0
892,0
29081,0
12494,0
52868,0
2145,0
70321,0
5194,0
12524,0
74973,0
24134,0
10206,0
23658,0
19346,0
1809,0
62130,0
9344,0
72216,0
36070,0
30583,0
58540,0
61299,1
53897,0
24216,0
23693,0
21514,0
22304,0
60026,0
17946,0
16156,0
60787,0
10048,0
7864,0
7994,1
68571,0
21988,0
11955,0
64154,0
2787,0
65528,0
5165,0
24568,0
31424,0
20626,0
29371,0
57084,0
69846,0
31774,0
53365,0
12766,0
42260,0
11950,0
7236,0
18570,0
14616,0
76301,0
25257,0
5882,0
16115,0
68458,0
4697,0
50419,0
42739,0
26316,0
56990,0
13329,0
4846,0
77062,0
73199,0
2485,0
30620,0
75128,0
53143,0
65634,0
25564,0
12201,1
47989,0
991,0
27806,0
64397,0
42653,0
31242,0
71054,0
48997,0
70545,0
46175,0
20071,0
42244,0
25317,0
34695,0
47384,0
46610,0
21380,0
41204,0
61998,0
78036,0
42966,0
70202,1
48888,0
35487,0
56784,0
59000,0
48867,0
67771,0
28461,0
25953,0
34496,0
26375,0
73654,0
7304,0
10318,0
7720,0
25382,0
2169,0
46831,0
69637,0
29881,0
15211,0
13,0
3552,0
69875,0
9205,0
21552,0
10036,0
5972,0
7117,0
71506,0
66533,0
66772,0
27587,0
21912,0
60319,0
12620,0
23050,0
40447,0
22505,0
2925,0
7246,0
59103,0
62281,0
30480,0
26171,0
51946,0
53790,0
35626,0
32799,0
65145,0
76528,0
68288,0
19897,0
33749,0
21735,1
63782,0
75577,0
77623,0
51516,0
39024,0
31825,0
21792,0
18798,0
39315,0
5242,0
38044,0
10670,0
49793,0
74112,0
54434,0
4680,1
16873,0
15600,0
10301,0
37482,0
75966,0
13757,0
71546,0
62282,0
75300,0
52747,0
21957,0
18309,0
4016,0
28184,0
73210,0
9294,0
22943,0
58678,0
40085,0
6935,0
62782,0
42208,0
34288,0
53450,0
53127,0
14263,0
73815,0
23631,0
65551,0
56609,0
77389,1
53938,0
25791,0
71785,0
2827,0
62910,0
34516,0
46235,0
13497,0
57081,0
70696,0
38604,0
32220,0
72881,0
23244,0
44609,0
56486,0
46278,0
10205,0
26331,0
56968,0
58465,0
61788,0
51185,0
21357,0
23310,0
69139,0
41947,0
37847,0
40329,0
33264,0
16381,0
20381,0
32867,0
36282,0
37306,0
58407,0
12875,0
28559,0
32277,0
63543,0
60943,0
9120,0
6309,0
11841,0
12792,0
74511,0
48562,0
45932,0
44546,0
48793,0
74228,0
54135,0
53000,0
35915,0
5532,0
16123,0
12193,0
56513,0
17451,0
61294,0
34313,0
67053,0
11109,0
29927,0
15614,0
14913,0
74038,0
33982,0
10737,0
53493,0
15205,0
23953,0
20979,0
30222,1
57082,1
77179,0
45131,0
4164,0
59368,0
40,0
55217,0
66507,0
65733,0
65534,0
16587,0
29147,0
46758,0
14338,0
43636,0
27461,0
75304,0
6107,0
41333,0
66338,0
69855,0
53082,0
41160,0
6334,0
32569,0
8827,0
67910,0
76813,0
2988,0
64190,0
20121,0
41741,0
45194,0
49919,0
14154,0
11254,0
16331,0
55001,0
28513,0
20185,0
35919,0
24500,0
44054,0
50629,0
59166,0
9372,0
47084,0
73073,0
5349,0
76713,0
65142,0
73178,0
434,0
40397,0
35129,0
24753,0
54946,0
49679,0
70426,0
75033,1
55142,0
31732,0
67361,0
7862,0
47674,0
51170,0
40250,0
15882,0
33088,0
74571,0
14855,0
27267,0
77029,0
57031,0
69393,0
46092,1
76238,0
66339,0
7081,0
15678,0
18667,0
29359,0
36923,0
42363,0
42346,0
2398,0
62464,0
17938,0
49710,0
33989,0
72283,0
8721,0
53137,0
18516,0
41498,0
19237,0
68536,0
74853,0
62777,0
50962,0
37122,0
24564,0
63834,0
7507,0
23158,0
57670,0
35619,0
38839,0
58149,0
71077,0
68696,0
63303,0
29100,0
22881,0
26273,0
27544,0
29125,0
44046,0
76292,0
71693,0
7887,0
1630,0
34880,0
32111,0
67458,0
9513,0
251,0
74792,0
45392,0
52285,0
11142,0
23965,0
52158,0
12689,0
4389,0
22203,0
65204,0
55171,0
642,0
18034,0
38233,0
40438,0
5672,0
36360,0
71731,0
75348,0
77560,0
73394,0
3963,0
72319,0
13734,0
61684,0
35369,0
7136,0
77470,0
26561,0
38724,0
12776,0
25604,0
73581,1
6164,0
40315,0
50169,0
22002,0
65901,0
48190,0
6530,0
44237,0
43404,0
52164,0
21533,0
39279,0
43365,1
48458,0
29001,0
2112,0
15626,0
38346,0
15640,0
11803,0
29804,0
23181,0
40972,0
22542,0
74599,0
62043,0
19010,0
76400,0
5921,0
24617,0
43838,0
43985,0
49217,0
2251,0
32062,0
71741,0
37759,0
46616,0
25420,0
42255,0
55265,0
9316,0
73040,0
69295,0
59204,0
14900,0
7099,0
21091,0
12739,0
65553,0
24447,0
27933,0
73298,0
63372,0
74510,0
66547,0
15775,0
58258,0
67699,0
70274,0
6010,0
46947,0
2239,0
50546,0
34930,0
35859,0
9903,0
12389,0
28343,0
52597,0
21269,0
48939,0
18613,0
32320,0
56253,0
30370,0
25659,0
47894,0
53018,0
27866,0
9564,0
42527,0
24880,0
6821,0
66028,0
48863,0
76975,0
69278,0
36730,0
37713,0
76163,0
65489,0
8198,0
77694,0
67578,0
40823,0
14423,0
60679,0
25563,0
6060,0
21761,0
140,0
14779,0
50055,0
51240,0
72425,0
14730,0
16822,0
18369,0
22971,0
22904,0
35353,0
71231,0
24247,0
34518,0
54988,0
36916,0
60931,0
72213,0
32787,0
76012,0
31371,0
70625,0
26615,0
58293,0
44681,0
70288,0
42200,0
585,0
39138,0
51487,0
44264,0
9368,0
62194,0
8427,0
72121,0
67784,0
50392,0
72674,0
20072,0
74917,0
10312,0
27112,0
45308,0
49172,0
66386,0
60575,0
16841,0
59126,1
26677,0
63012,0
6650,0
28415,0
1921,0
20319,0
64504,0
60173,0
74128,0
25776,0
17835,0
63672,0
31676,0
34663,0
24762,0
28698,0
12640,0
64142,0
13619,0
74342,0
38946,0
24962,0
18223,0
36014,0
75424,0
25754,0
10077,0
11911,0
44573,0
11525,0
2809,0
73597,0
33884,0
46470,0
27098,0
60185,0
53520,0
69176,0
37256,0
7407,0
70940,0
9672,0
6984,0
57859,0
53087,0
78112,0
77540,0
39526,0
61135,0
67567,0
22903,0
20271,0
33599,0
63533,0
74989,0
37974,0
70865,0
23842,0
16910,0
23447,0
46592,0
63274,0
71143,0
21339,0
9709,0
16611,0
67295,0
4130,0
32398,0
11893,0
68326,0
55555,0
54712,0
1001,0
47269,0
48044,0
57894,0
7678,0
10096,0
28198,0
17919,0
41249,0
36387,0
48921,0
54128,0
69471,0
19189,0
1479,0
27426,0
56452,0
18004,0
42333,0
42735,0
46922,0
55409,0
75753,0
9621,0
4492,0
69638,0
39424,0
23202,0
44355,0
69850,0
64449,0
37853,1
11445,0
35561,0
22045,0
69365,0
65818,0
38711,0
23352,0
3822,0
43409,0
74543,0
40055,0
50119,0
56487,0
23601,0
45745,0
29366,0
18320,0
22316,0
7426,0
22804,0
19928,0
9020,0
1827,0
50806,0
12026,0
49974,0
2697,0
59236,0
77423,0
49274,0
29256,0
13015,0
29671,0
71125,0
75089,0
34678,0
74479,0
67173,0
20368,0
64117,0
28811,0
12490,0
37925,0
30937,0
33188,0
69148,0
66951,0
14833,0
20593,0
54875,0
52707,0
31483,0
32255,0
72695,0
12141,0
12934,0
37295,0
37478,0
50969,0
77001,0
16077,0
45650,1
8088,0
25601,0
24735,0
53457,0
74900,0
40902,0
43899,0
13876,0
2942,0
62736,0
35216,0
70342,0
71565,0
71706,0
53110,0
72624,0
48743,0
8346,0
1253,0
12404,0
41671,0
45213,0
61603,0
52456,0
27418,0
55487,0
66716,0
75377,0
47115,0
22680,0
36008,0
16030,0
2832,0
47946,0
76964,0
47035,0
71370,0
61304,0
52395,0
60140,0
44850,0
49895,0
65287,0
54012,0
36451,0
39006,0
41951,0
53302,0
5652,1
36533,0
42732,0
63572,0
40853,0
18071,0
18307,0
51687,0
5553,0
47813,0
72646,0
55080,0
12699,0
29932,0
13098,0
65868,0
23107,0
43708,0
9955,0
51627,0
39810,0
68935,0
21893,0
30134,0
52921,0
16168,0
38273,0
13023,0
2709,0
64358,0
15980,0
69616,0
15889,0
20943,0
70429,0
36374,0
198,0
41270,0
34018,0
51397,0
23990,0
10533,0
51264,0
66076,0
36424,0
6128,0
19278,0
53208,0
61023,0
38294,0
8949,0
25406,0
12917,0
21608,0
63356,0
48970,0
15110,0
45842,0
5631,1
179,0
71839,0
33182,0
23591,0
33538,0
25510,0
69751,0
2858,0
13873,0
28926,0
49821,0
62877,0
7876,0
21516,0
57342,0
53712,0
24996,0
31980,0
58618,0
52478,0
6245,0
3481,0
25914,0
36992,0
68430,0
60277,0
61313,0
40226,1
66725,0
51065,0
74264,0
61466,0
39835,0
60020,0
43465,0
40083,0
63585,0
70585,0
53320,0
56935,0
13354,0
32685,0
11648,0
27794,0
3031,0
16272,0
36530,0
6846,0
18109,0
7269,0
8870,0
12474,0
16042,0
5502,1
45856,0
3643,0
44216,0
49067,0
32610,0
52250,0
73526,0
25174,0
61015,0
22764,0
41219,0
38080,0
29252,0
6537,0
22766,0
19436,0
5555,0
43861,0
43803,0
45058,0
22109,0
44369,0
70935,0
19134,0
3,1
40096,0
70362,0
64981,0
72136,0
63864,0
68240,1
67067,0
31035,0
36454,0
32152,0
63837,0
25441,0
42588,0
41931,1
30918,0
65516,0
30515,1
45956,0
48505,0
70981,0
43793,0
78148,0
68760,0
35146,0
60800,0
20498,0
50838,0
63451,0
42429,0
65648,0
42301,0
25286,0
34815,0
40921,0
8779,0
11374,0
26447,0
11705,0
59038,0
33923,0
7110,0
63565,0
62029,0
62461,0
72129,0
64304,0
24747,0
727,0
52896,0
50984,0
65588,0
53616,0
69989,0
52837,0
63906,0
40934,0
70355,0
7123,0
16508,0
26607,0
40404,0
65303,1
70958,0
38736,0
20446,0
26602,0
18751,0
1190,0
67847,0
68921,0
77236,0
1175,0
68845,0
34567,0
28857,0
12535,0
55598,0
76120,0
53636,0
31136,0
67349,0
49791,0
57582,0
61822,0
41300,0
68072,0
69974,0
17932,0
7912,0
65240,0
69417,0
19162,0
40185,0
75540,0
38602,0
32048,0
65951,1
32687,0
77,0
53799,0
75398,0
41428,0
77467,0
14816,0
63164,0
46148,0
45979,0
24256,0
61988,0
17072,0
71545,0
72659,0
73994,0
59102,0
8793,0
65193,0
7580,0
36770,0
46846,0
48874,0
56933,0
9611,0
28306,0
68350,0
19313,0
70972,0
26353,0
2755,0
52886,0
2708,0
72438,0
37051,0
57571,0
63380,0
33299,0
12799,0
58083,0
42053,0
24047,0
53562,0
21030,0
46408,0
16743,0
5763,0
41320,0
68946,0
5916,0
3501,0
21630,0
50235,0
47329,0
52345,0
64188,0
36072,0
57743,0
63879,0
64295,0
76116,0
12167,0
30517,0
33797,0
2568,0
16913,0
17921,0
1943,1
69299,0
55294,0
55535,0
53987,0
28399,0
48964,0
26535,0
51043,0
32021,0
36214,0
66302,0
56433,0
60166,0
2049,0
24601,0
29430,0
66977,0
69274,0
62403,0
21059,0
31913,0
12220,0
52403,0
22696,0
42816,0
60946,0
42817,0
36575,0
8712,0
52207,0
37829,0
46931,0
49692,0
64019,0
34095,0
56283,0
68750,0
65449,0
20862,0
73682,0
32964,0
22495,0
784,0
20996,0
22619,0
24421,0
15087,0
24911,0
76761,0
5584,0
15023,0
5892,0
19525,0
5068,0
62841,0
51508,0
36437,0
32757,0
4175,0
26166,0
42207,0
1319,0
64909,0
53265,0
38593,0
19419,0
15644,0
64165,0
56320,0
60258,0
27377,0
51009,0
41675,0
47003,0
33575,0
46211,0
54202,0
45534,0
46813,0
21682,0
53418,0
35494,0
13788,0
72443,0
72819,0
10536,0
64668,0
78066,0
41628,0
71071,0
40817,0
14276,0
29745,0
77419,0
21685,0
70110,0
46196,0
76014,0
41966,0
5362,0
70057,0
67342,0
36828,0
48120,0
60085,0
30180,0
48625,0
62318,0
38352,0
26264,0
66894,0
66778,0
66750,0
23887,0
72529,0
4955,0
52197,0
51284,0
30314,0
4191,0
54674,0
26930,0
77153,0
36883,0
46898,0
61553,0
19591,0
29048,0
73734,0
36215,0
47647,0
11597,0
14928,0
13803,0
20937,0
32279,0
40925,0
52976,0
20127,0
73950,0
53928,0
4380,0
3409,0
29398,0
20673,0
46150,0
26072,0
65983,0
49372,0
48592,0
75916,0
60295,0
5978,0
25398,0
68012,0
56383,0
42098,0
20674,0
57314,0
63664,0
17648,0
44635,0
75475,0
38204,0
28619,0
18816,0
47991,0
10213,0
12132,0
44252,0
7326,0
48846,0
62331,0
12839,0
48529,0
12119,0
48624,0
72201,0
15363,0
77449,0
39548,0
19062,0
38527,0
50765,0
13082,0
24838,0
43330,0
45481,0
60299,0
60054,0
32700,0
11056,0
3486,0
64601,0
35140,0
4849,0
65821,0
65622,0
31373,0
43734,0
51460,0
65175,0
18169,0
2441,0
46220,0
63798,0
63099,0
46887,0
63840,0
29875,0
2572,1
44505,0
44091,0
8221,0
50065,0
22606,0
2230,0
24376,0
38181,0
59377,0
66171,0
5846,0
34982,0
23138,0
14526,0
75894,0
10304,0
23748,0
4485,0
62409,0
62137,0
2176,1
19742,0
49412,1
49285,0
10662,0
3156,0
17472,0
57128,0
42096,0
66062,0
15704,0
42087,0
17943,1
53256,0
62028,0
71111,0
3379,0
50254,0
23286,1
1247,0
54884,0
43840,0
60107,0
28625,0
15012,0
44838,0
73225,0
48170,0
43278,0
2174,0
77565,0
64256,0
10298,0
66275,0
3255,0
62059,0
46790,0
58051,0
18315,0
56236,0
33683,0
16125,0
46358,0
52409,0
67228,0
46126,0
34988,0
74410,0
20002,0
27945,0
45047,0
34234,0
76199,0
57212,0
39239,0
6866,0
47977,0
16352,0
27106,0
13567,0
38553,0
4229,0
23866,0
15486,0
4443,0
25036,0
4122,0
36429,0
32046,0
57608,0
17227,0
40864,0
66107,0
76561,0
38459,0
57517,0
20520,0
49074,0
43173,0
48840,0
23660,0
54082,0
4855,0
59840,0
51489,0
55163,0
12743,0
59360,0
59509,0
37230,0
24432,0
31304,0
10872,0
3371,0
24528,0
71346,0
77527,0
7885,0
37454,0
74774,0
74891,0
54610,0
31027,0
71385,0
70994,0
69188,0
61774,0
71829,0
10024,0
75335,0
59297,0
7249,1
26854,0
15048,0
31519,0
20242,0
15444,0
21261,0
1447,0
7623,0
25902,0
32275,0
5746,0
22850,0
35906,0
48762,0
28647,0
28569,0
14055,1
68071,0
36361,0
52349,0
54252,0
57886,0
9885,0
50968,0
30146,0
33416,0
17153,0
74441,0
76366,0
31950,0
75453,0
61048,0
16490,0
25855,0
6264,0
13324,1
31451,1
50615,0
25359,1
31897,0
52802,0
33812,0
77171,0
18135,0
16732,0
27211,0
45447,0
16449,0
4214,0
24299,0
53505,0
1084,0
66958,0
9780,0
23490,0
26768,0
75258,0
29386,0
61702,0
31484,0
39108,0
50687,0
3318,0
4801,0
61042,0
2265,0
25490,0
22373,0
4995,0
71538,0
55395,0
43435,0
11566,0
8977,0
52307,0
3521,0
12213,0
12421,0
16480,0
66929,0
26234,0
8603,0
45852,0
77514,0
11352,0
29542,0
31956,0
16114,0
11802,0
43190,0
78029,0
7016,0
21376,0
17664,0
27864,0
50192,0
73751,0
58638,0
66271,0
31298,0
65661,0
5868,0
2649,0
57902,0
29744,0
173,0
6320,0
20677,0
49991,0
58969,0
32788,0
14388,0
14992,0
39374,0
62111,0
12398,0
18518,0
52546,0
73332,0
56018,0
25438,0
31578,0
1959,0
76930,0
55701,0
11293,0
72798,0
46643,0
41195,0
31462,0
45801,0
21462,0
20820,0
10355,0
32366,0
48208,0
43271,0
45199,0
57046,0
28967,0
51691,0
14531,0
34165,0
12021,0
6130,0
23875,0
8823,0
42135,0
63855,0
65592,0
14534,0
28157,0
51589,0
10580,0
69279,0
48938,0
70516,0
27151,0
2622,0
6401,0
6623,0
30321,0
6692,0
9494,0
75121,0
20875,0
58294,0
45899,0
42533,0
58949,0
2010,0
44956,0
73601,0
19617,0
71870,0
67646,0
70135,0
67748,0
48010,0
75955,1
31899,0
54117,0
74320,0
38598,0
32137,0
50093,0
2342,0
71901,0
38414,0
19317,0
46090,0
34359,0
49764,0
75724,0
60939,0
7978,0
46288,0
68174,0
64554,0
17083,1
31572,0
56703,0
19091,0
9943,0
77007,1
27394,0
11959,0
47000,0
62289,0
41386,0
5997,0
20778,0
60804,0
74292,0
27039,0
1435,0
52104,0
11875,0
23323,0
74512,0
377,0
50482,0
48309,0
7593,0
7628,0
29329,0
70140,0
22284,0
27,0
18328,0
55170,0
70127,0
21158,0
57254,0
32991,0
13762,0
42708,0
29980,0
18285,0
21731,0
16888,0
42033,0
60427,0
20128,0
51906,0
295,0
50404,0
74676,0
63081,0
77165,0
69531,0
2689,0
74277,0
9757,0
323,0
30412,0
73256,0
42397,0
74237,0
24213,0
68899,0
20046,0
3982,0
40854,0
17887,0
14717,0
69580,0
25165,0
29369,0
42652,0
42368,0
9549,0
6,0
37830,0
28670,0
10154,0
68156,0
47480,0
67330,0
51081,0
50542,0
37252,0
6237,0
27518,0
65218,0
64930,0
68903,0
2191,0
64795,0
29626,0
63411,0
20952,0
17211,0
6199,0
8304,0
17255,0
66605,0
58392,0
9258,0
5257,0
5251,0
67052,0
26978,0
34650,0
50526,0
27666,0
45727,0
37294,0
74223,0
33340,0
8030,0
77696,0
47278,0
17445,0
64157,0
18632,0
62971,0
62509,0
25658,0
68729,0
21824,0
64080,0
13398,0
20915,0
6922,0
71697,0
55032,0
72562,0
7124,0
54623,0
13438,0
13869,0
76264,0
63326,0
34353,0
74070,0
49668,0
68027,0
56626,0
55747,0
20035,0
71061,0
75569,0
72586,0
50433,0
41770,0
14170,0
27563,0
17685,0
2256,0
46852,0
27166,0
35007,0
29767,0
68961,0
16404,0
5240,0
58014,0
42467,0
14966,0
60560,0
10203,0
64121,0
11280,0
45754,0
55662,0
76114,0
11387,0
63794,0
50627,0
59894,0
38011,0
14602,0
58560,0
40725,1
42168,0
23518,0
56541,1
3465,0
40197,0
15294,0
52617,0
10645,0
29713,0
21402,0
10150,0
16798,0
28701,0
1777,0
61162,0
4925,0
41981,0
1923,0
37344,0
5562,0
11281,0
65556,0
66340,0
38880,0
9061,0
49143,0
40737,0
24415,0
66232,0
4469,0
38211,0
59230,0
44222,0
6835,0
62914,0
16424,0
75764,0
76266,0
11704,0
54362,0
62048,0
62307,0
4678,0
57014,0
23859,0
30690,0
64720,0
49587,0
43541,0
73754,0
48342,0
65875,0
17674,0
75278,0
45722,0
17349,0
69265,0
68740,0
76736,0
50013,0
11476,0
34681,0
27502,0
39915,0
37197,0
62333,0
69521,0
69157,0
28876,0
28324,0
56192,0
67559,0
64467,0
59381,0
26948,0
7018,0
14667,0
13256,0
30659,0
27756,0
72132,0
56472,0
56708,0
61333,0
6076,0
74051,0
60447,0
49953,0
77597,0
67626,0
52175,0
25951,0
39805,0
17848,0
63062,0
4120,0
16133,0
30976,0
49761,0
66494,0
61760,0
43792,0
60542,0
50536,0
3547,0
9086,0
39685,0
21846,0
6578,0
19807,0
6966,0
20074,0
73945,0
7372,0
29673,0
4516,0
29718,0
48405,0
6267,0
66486,0
66409,0
49120,1
37894,0
51713,0
43887,0
55159,0
71428,0
37715,0
65511,0
26608,0
70737,0
8186,0
52894,0
12020,0
13341,0
18168,0
51835,0
37455,0
5674,0
71381,0
69200,0
59155,0
52718,0
10405,0
11323,0
39878,0
67539,0
51394,0
18042,0
60445,0
58471,0
21132,0
58847,0
28142,0
18033,0
77218,0
74160,0
61359,0
8071,0
54181,0
28568,0
67191,0
13884,0
75743,0
32285,0
45387,0
40926,0
76053,0
17733,0
62176,0
27880,0
54196,0
52830,0
11778,0
17704,0
22669,0
9785,0
62413,0
25726,0
7146,0
65632,0
13643,0
313,0
36453,0
29129,0
33929,0
51112,0
37031,0
34261,0
57564,0
47996,0
33111,0
66669,0
36393,0
20398,0
52398,0
65947,0
49786,0
46283,0
42549,0
5229,0
45808,0
35555,0
65673,0
59420,0
42985,0
49098,0
10695,0
50426,0
67805,0
39179,0
68400,0
52578,0
41075,0
67497,0
56231,0
35107,0
32815,0
3103,0
77372,0
31516,0
54562,0
66417,0
40538,0
2087,0
57494,0
33462,0
52675,0
18649,0
62344,0
68525,0
30256,0
3490,0
34744,0
55873,0
16706,0
13207,0
42941,0
13644,0
25497,0
7672,0
64299,0
16396,0
16663,0
60922,0
467,0
63582,0
51001,0
53008,0
49415,0
50648,0
16571,0
36858,0
3872,0
47410,0
18234,0
25616,0
69259,0
21434,0
14174,0
61190,0
31761,0
35836,0
9473,0
62080,0
52598,0
69725,0
32143,0
2446,0
62133,0
63005,0
33871,0
14025,0
35410,0
71602,0
2878,0
18704,0
34131,0
50642,1
69819,0
24172,0
68561,0
54457,0
71157,0
71224,0
67079,0
15557,0
16159,0
38674,0
28988,0
7975,0
57004,0
35499,0
18141,0
6769,0
57484,0
17116,0
75,0
71199,0
42893,0
56248,0
24496,0
54569,0
64900,0
76430,0
60533,0
41759,0
29148,0
1733,0
32985,0
77314,0
50688,1
35556,0
14434,0
54098,0
65695,0
65721,0
25887,0
33687,0
42587,0
40214,0
74114,0
2535,0
12808,0
6454,0
56598,0
27567,0
57866,0
56878,0
21094,0
54694,0
77887,0
40603,0
52244,0
73936,0
19940,0
50501,0
23688,0
45620,0
145,0
40502,0
67141,0
30358,0
39203,0
8101,0
60684,0
33349,0
13441,0
11818,0
20030,0
15607,0
21481,0
46684,0
58168,0
6722,0
11532,0
9786,0
28404,0
45429,0
54062,0
51229,0
28163,0
77618,0
22723,0
27986,0
27043,0
49650,0
55211,0
14287,0
54340,0
51550,0
11536,0
57010,0
616,0
54372,0
55593,0
32588,0
14739,0
11376,0
54739,0
16696,0
43750,0
64072,0
6359,0
37132,0
26134,0
55976,0
35812,0
8112,0
22472,0
19065,0
61832,0
11504,0
3051,0
66543,0
14479,0
8995,0
45905,0
62243,0
48491,0
733,0
63147,0
42095,0
60310,0
36823,0
15873,0
6252,0
17214,0
75845,0
45922,0
42115,0
6799,0
61556,0
50452,0
26054,0
66461,0
41101,0
60014,0
13797,0
32226,0
52065,0
44488,0
59642,0
46825,0
25364,0
17917,1
60487,0
1521,0
34320,0
48533,0
46045,0
23604,0
20021,0
51532,0
29011,0
56137,0
25906,0
18121,0
57456,0
14805,0
78283,0
7656,0
5143,0
2981,0
40452,0
73168,0
52189,0
17348,0
54684,0
15795,0
70185,0
59823,0
1653,1
56599,0
55277,0
63282,1
39849,0
69019,0
56247,0
44640,0
49596,0
27472,0
55930,0
5255,1
76253,0
28612,0
25734,0
67099,0
48363,0
64404,0
64018,0
13202,0
52152,0
53274,0
8044,0
35321,0
63111,0
19123,0
14863,0
11780,0
17561,0
4237,0
21011,0
64622,0
62884,0
67530,0
8536,0
38710,0
46725,0
71812,0
59422,0
66342,0
25944,0
25450,0
26055,0
33831,0
61991,0
31118,0
34226,0
46538,0
4080,0
23956,0
71710,0
29016,0
32914,0
18577,0
37023,0
71328,0
55311,0
6219,0
29889,0
5866,0
46147,0
24563,0
32909,0
77398,0
15060,1
7436,0
19548,0
10209,0
70806,0
57668,0
76578,0
8123,0
42920,0
41548,0
38403,0
48748,0
18768,0
76267,0
40976,0
66588,0
34184,0
14099,0
75329,0
13572,0
20503,0
55705,0
63962,0
76575,0
20686,0
50866,0
24508,0
35564,0
27858,0
13548,0
47459,0
29702,0
4025,0
70027,0
62819,0
40781,0
35829,0
27469,0
18930,0
17568,0
26041,0
70577,0
44401,0
65839,0
43651,0
8041,0
45150,0
56994,0
78230,0
7479,0
18581,0
56333,0
36684,1
71823,0
38704,0
38978,0
70708,0
42492,1
47058,0
59833,0
71516,0
3233,0
30849,0
33659,0
54814,0
66513,0
22643,0
69172,0
21483,0
48285,0
41148,0
2814,0
77909,0
31809,0
64032,0
68039,0
25623,0
5944,0
7076,0
50870,0
56239,0
29509,0
48791,0
52801,0
22833,0
12755,0
34369,0
71766,0
15682,0
47209,0
50893,0
71003,0
55605,0
26482,0
23179,0
50610,0
24086,0
53252,0
572,0
14670,0
57288,0
61558,0
70559,0
30984,0
57026,0
73762,0
41529,0
21266,0
44957,0
34600,0
4630,0
59475,0
63355,0
66008,1
53781,0
28402,0
24305,0
40856,0
12854,0
63042,0
20656,0
6656,0
46764,0
73407,0
62745,0
1996,0
14210,0
1801,0
21515,0
35736,0
24420,0
12149,0
31226,0
58194,1
61206,0
22089,0
31137,0
50044,0
12674,0
4635,0
75530,0
65749,1
1518,0
76553,0
61848,0
37589,0
31477,0
73414,0
36317,0
63362,0
57664,0
10414,0
60908,0
27157,0
60304,0
27826,0
18271,0
35057,0
18251,0
12222,0
27338,0
19174,0
19960,0
11528,0
54954,0
67487,0
37398,0
34432,0
3000,0
1980,0
74466,0
51374,0
54913,0
61425,0
59697,0
35260,0
75678,0
77886,0
29178,0
51529,0
31614,0
55337,0
63856,0
2117,0
8808,0
47804,0
40641,0
74380,0
60629,0
34291,0
41801,0
24042,0
23703,0
7184,0
57887,0
58082,0
1368,0
55677,0
46158,0
66419,0
37477,0
47505,0
5611,0
7993,0
60430,0
8919,0
13507,0
58709,0
42264,0
12276,0
45648,0
53503,0
38514,0
57107,0
41631,0
67680,0
74024,0
43999,0
54941,0
77256,0
23758,0
26379,0
18911,1
27477,0
19019,0
24918,0
39898,0
55607,0
74314,0
53720,0
49437,0
7052,0
71792,0
17988,0
70246,0
63496,0
25432,0
13005,0
41222,0
5324,0
18697,0
71371,0
16023,0
18964,0
66163,0
48896,0
33359,1
76118,0
51625,0
32696,0
8263,0
3482,0
16877,0
40920,0
19765,0
9412,0
19224,0
69052,0
70557,0
44938,0
4015,0
67587,1
48788,0
52171,0
24814,0
40212,0
28614,0
18523,0
27235,0
56640,0
43264,0
71494,0
43575,0
15451,0
29006,0
49165,0
32489,0
2207,0
62030,0
63393,0
69087,0
63049,0
73247,0
11466,0
10604,0
56583,0
11014,0
45415,0
1274,0
19425,0
63489,0
26224,0
51297,0
17644,0
17592,0
73070,0
69812,0
25180,0
66969,0
60910,0
13530,0
75810,0
65477,0
55319,0
27507,0
66904,0
9101,0
28271,0
63118,0
42071,0
4573,0
49337,0
54635,0
8675,0
18738,0
68616,0
42872,0
65241,0
36020,0
38457,0
6632,0
26165,0
50117,0
44340,0
52626,0
68886,0
76095,0
9068,0
33488,0
72633,0
9382,0
64254,0
1042,0
42072,0
18894,0
55545,0
35864,0
72305,0
40151,0
17662,0
41528,0
66694,0
75184,1
37341,0
22939,0
5948,0
17168,0
37607,0
8131,0
437,0
49000,0
51776,0
73025,0
71326,0
76338,0
37739,0
17065,0
14824,0
55145,0
43159,0
60862,0
48028,0
22208,0
76401,0
9527,0
77018,0
6492,0
71473,0
7093,0
63373,0
35825,0
22130,0
13700,0
62218,0
56585,0
41603,0
66498,0
46552,0
51750,1
19370,0
44527,0
70328,0
53959,0
18210,0
12937,0
18463,0
31751,0
6929,0
5879,0
14857,0
49765,0
11351,0
15701,0
75782,0
62798,0
54662,1
4089,0
65139,0
77013,0
53961,0
57372,0
1687,0
70819,0
32449,0
63327,0
10193,0
64172,0
13188,0
2624,0
36090,0
55482,0
27736,0
34791,0
57058,0
47493,0
66721,0
2655,0
29494,0
41925,0
56371,0
58603,0
38672,0
66679,0
20703,0
43830,0
61264,0
16182,0
23076,0
69520,0
41163,0
32673,0
10637,0
64490,0
59357,0
6607,0
13348,0
16805,1
64722,0
13268,0
54755,0
71902,0
21834,0
62348,0
26905,0
13338,0
12923,0
63600,1
43287,0
8837,0
12692,0
55561,0
66757,0
60879,0
12924,0
69910,0
54338,0
29053,0
75297,0
26913,0
18910,0
20057,0
67595,0
4942,0
61606,0
62068,0
30999,0
77667,0
59815,0
52088,0
15123,0
64577,0
15352,0
37777,0
50637,0
15038,0
3191,0
49776,0
2337,0
33337,0
15709,0
872,0
42586,0
63943,0
10997,0
56530,0
487,0
4384,0
4181,0
41503,0
17818,0
76046,0
66643,0
55608,0
33863,0
31079,0
75898,0
72672,0
17571,0
32113,0
15108,0
30324,0
36398,0
71141,0
66238,0
50857,0
28973,0
28583,0
36269,0
171,0
71933,0
69090,0
55085,1
48919,0
66580,0
15245,0
64746,0
31008,0
47508,0
6604,0
19735,0
4963,0
25761,0
61278,0
18575,0
60226,0
60316,0
29208,0
5676,0
64585,0
65118,0
5591,0
31135,0
15985,0
48464,0
41604,0
71017,1
18990,0
60556,0
44121,0
67592,0
31313,0
42488,0
66315,0
47220,0
3725,0
36947,0
45940,0
4547,0
3535,0
66610,0
65929,0
9574,0
62101,0
6793,0
23663,0
23507,0
77913,0
18842,0
58947,0
5361,0
58692,0
33094,1
78010,0
61646,0
77169,0
15728,0
77121,0
57870,0
49707,0
68317,0
49915,0
11646,0
47570,0
73720,0
1693,0
48121,0
46446,0
302,0
46909,0
13965,0
39050,0
49663,0
72043,0
73796,1
30448,0
36917,0
41736,0
55372,0
45189,0
259,0
57949,1
9799,0
27742,0
73305,0
19817,0
23029,0
3723,0
47337,0
68793,0
31002,0
61798,0
77190,0
33049,0
40500,0
68809,0
22986,0
69544,0
11647,0
68645,0
77093,0
1744,0
24328,0
31234,0
13312,0
19994,0
14685,0
50618,0
67478,0
45886,0
62558,0
16350,0
61102,1
54982,0
66449,0
56661,0
31657,0
32992,0
12450,0
30983,0
17280,0
77683,0
73019,0
2048,0
33996,0
1222,0
75863,0
6986,1
72243,0
15527,0
52265,0
59273,0
36370,0
38000,0
32440,0
68424,0
36039,1
23420,0
53283,0
47031,0
34683,0
2158,0
50085,0
29594,0
28728,0
25331,0
50965,0
41719,0
17923,0
36890,0
77166,1
53605,0
27128,0
70067,0
75340,0
39541,0
64550,0
78067,0
27437,0
45720,0
44732,0
23682,0
31443,0
43884,0
32106,0
71561,0
73248,0
12150,0
39414,0
17159,0
76030,0
70860,0
67149,0
66096,0
56012,0
20902,0
30635,0
74339,0
50473,1
59172,0
29914,0
58234,0
33368,0
59694,0
49460,0
39166,0
37913,0
59260,0
20058,0
22013,0
59330,0
25444,0
12204,0
2343,0
60753,0
44122,0
55313,0
63942,0
70578,0
17015,0
46769,0
28644,0
1370,0
11319,0
63501,0
964,0
22867,0
66848,0
5936,0
70987,0
71225,0
42129,0
53916,0
33074,0
12070,0
19654,0
26654,0
68391,0
9094,0
4782,0
43445,0
63170,0
42543,0
57271,0
70006,0
50430,0
13568,0
26671,0
34722,0
63648,0
8743,0
62383,0
43081,0
19209,0
63016,0
20491,0
51869,0
10259,0
65678,0
45995,0
24018,0
48385,0
5249,0
25321,0
27140,0
16248,0
1126,0
76940,0
68356,0
44125,0
8753,0
8722,0
12299,0
38852,0
29646,0
12226,0
68451,0
64155,0
28808,0
35879,0
8762,0
15254,0
37403,0
30848,0
11947,0
45165,0
341,0
40993,0
69675,0
37973,0
11585,1
2880,0
50953,0
47573,0
68852,0
53866,0
54193,0
34430,0
74869,0
2018,0
41585,0
13562,0
70419,0
63725,0
2210,0
47785,1
41813,0
75647,0
72062,0
1418,0
73282,0
3108,0
67555,0
56168,0
36844,0
57321,0
55005,0
54403,0
60143,0
61753,0
19864,0
18700,0
66879,0
6045,0
29350,0
46084,0
29257,0
37652,0
51050,0
62020,0
77960,0
57146,0
53832,0
4760,0
70506,0
32912,0
57150,0
39788,0
61293,0
54448,0
5100,0
2236,1
51454,0
46432,0
5193,0
50985,0
38308,0
24422,0
5192,0
9839,0
4397,0
23039,0
57788,0
74598,0
74025,0
32582,0
12577,0
10141,0
42334,0
39818,0
74328,0
48127,0
59469,0
19431,0
29943,0
13400,0
63214,0
34765,0
39954,0
44020,0
20702,0
53083,0
76072,0
19241,0
46778,0
19138,0
33946,0
77979,0
68304,0
53892,0
52663,0
73789,0
46688,0
46163,0
22447,0
41067,0
5929,0
43649,0
28749,0
34910,0
27048,0
31432,0
62580,1
58019,0
47077,0
54763,0
31801,0
19538,0
71537,0
57374,0
67416,0
16556,0
70602,0
56517,1
65577,0
38435,0
34297,0
46883,0
54151,0
53519,0
62399,0
38618,0
11617,0
15244,0
720,0
28589,0
2465,1
74913,0
19203,0
29206,0
2097,0
38815,0
47497,0
6556,0
10483,0
71437,0
77331,0
29659,0
23028,0
37039,0
75445,0
73769,0
16989,0
57327,0
11183,0
1123,0
62471,0
75948,0
31605,0
60042,0
16271,0
9969,0
73082,1
41676,0
23503,0
68540,0
67273,0
58433,0
39745,0
25939,0
8764,0
9226,0
58887,0
53658,0
37434,0
51389,0
60574,0
52582,0
29982,0
20973,0
31051,0
64351,0
21176,0
26007,0
64624,0
8493,0
34778,0
14315,0
12986,0
63423,0
25089,0
22517,0
38408,0
70031,0
70517,0
61086,0
23855,0
77475,0
9112,0
27023,0
40407,0
46465,0
76707,1
33251,0
22830,0
50974,0
22405,0
47401,0
20,0
37827,0
67148,0
4486,0
67860,0
21006,0
16441,0
57398,0
26540,0
47317,0
64572,0
42835,0
44715,0
70456,0
619,0
2475,0
2885,0
65513,0
73396,0
33410,0
31241,1
36473,0
49298,0
58585,0
44816,0
41407,0
52623,0
25427,0
67877,0
8895,0
76825,0
54687,0
3047,0
1010,0
35716,0
37521,0
24530,0
24916,0
65675,0
73903,0
24698,0
36915,0
17016,0
883,0
55668,0
58917,0
55308,0
16729,0
29658,0
34902,0
59059,0
60155,0
15639,0
28877,0
59599,0
73646,0
70287,0
45543,0
699,0
34346,0
13809,0
22682,0
23745,0
65708,0
1426,0
71934,0
38503,0
68022,0
6519,0
14672,0
46399,0
72353,0
51514,0
62638,0
28742,0
52222,0
22219,0
45265,0
37360,0
67812,0
41595,0
6854,0
74153,0
63439,0
54890,0
62124,0
42744,0
60551,0
17714,0
33626,0
45400,0
19557,0
29737,0
23960,0
77684,0
70798,0
75668,0
4779,0
3716,0
25003,0
8154,0
52412,0
74669,0
5853,0
32025,0
59998,0
17391,0
15080,0
67758,0
14456,0
14691,0
62983,0
337,0
33880,0
47958,0
11974,0
13828,0
28346,0
67800,0
17433,0
70209,1
8137,0
47356,0
1009,0
60844,0
24511,0
61711,0
26410,0
4198,0
26757,0
18322,0
30842,0
76509,0
27904,0
6315,0
74829,0
71085,0
64462,0
3960,0
76258,0
26498,0
51767,0
27778,0
46652,0
67984,0
45438,0
59042,0
67622,0
11679,0
28186,0
76112,0
58177,0
63177,0
6014,0
6701,0
64783,0
71908,0
9341,0
17212,0
35761,0
23584,0
38635,0
67270,0
62533,0
20365,0
12210,0
62141,0
41201,0
68335,0
51154,0
28431,0
68401,0
69500,0
25984,0
56959,0
45347,0
4876,0
32436,0
21609,0
58521,0
65552,0
47962,0
20205,0
31648,0
73981,0
21042,0
73481,0
71222,0
60104,0
16838,0
6317,0
54345,0
51746,0
12315,0
2891,0
50790,0
52096,0
39673,1
10331,0
12196,0
3232,0
29827,0
48498,0
56726,0
14491,0
58342,0
5429,0
69214,0
53204,0
47205,0
4575,0
68640,0
19471,1
31212,0
47188,0
40350,0
32451,0
56339,0
4148,0
40527,0
32584,0
32045,0
58199,0
60368,0
13214,0
74362,0
44974,0
18101,0
77063,0
35372,0
63554,0
25189,0
11232,0
67615,0
8717,0
47437,0
57667,1
59918,0
77961,0
27449,1
22465,0
23186,0
42268,0
77038,0
68667,0
12999,0
64293,0
63000,0
20217,0
44044,0
59571,0
16543,0
41254,0
32551,0
30189,0
9608,0
66097,0
58347,0
39331,0
25310,0
35738,0
12337,0
29991,0
35179,0
13628,0
53253,0
56902,1
42342,0
4163,0
46528,0
8542,0
6890,0
38382,0
9461,0
33352,0
73874,0
32105,0
46384,0
13796,0
52518,0
52410,0
35907,0
36089,0
40093,0
55788,0
18134,0
51086,0
22038,0
36168,0
57482,0
3008,0
69938,0
1798,0
71794,0
38624,0
49720,0
12289,0
40718,0
63607,0
57077,0
3249,0
72490,0
60580,0
37423,0
9878,0
501,0
51563,0
51683,0
42399,0
24482,0
10626,0
65970,0
67523,0
19699,0
76020,0
35486,0
66627,0
24264,0
152,0
60471,0
60927,0
68474,0
50340,0
7233,0
24678,0
19962,0
39641,0
7867,0
1806,0
24778,0
35647,0
35569,0
50817,0
43605,0
56444,0
56389,0
63996,0
10273,0
69097,0
73798,0
49645,0
48235,0
69530,0
12095,0
34298,0
66592,0
21035,0
71291,0
76507,0
49024,0
17964,0
54368,0
73477,0
6513,0
6256,0
77552,0
52357,0
64495,0
68346,0
37669,0
63583,0
24893,0
9479,0
49706,0
42044,0
63183,0
29512,0
75653,0
50058,0
314,0
68759,1
70845,0
53494,0
47062,0
32009,0
23475,0
75744,0
25222,0
64245,0
28880,0
60811,0
53223,0
11953,0
606,0
45334,0
39738,0
2699,0
62814,0
1205,0
70832,0
53210,0
55377,0
37495,0
44001,0
52427,0
77128,0
47859,0
6234,0
11523,0
26633,0
36436,0
11444,0
49131,0
55304,0
43663,0
43563,0
2908,0
40602,0
22735,0
75093,0
68364,0
52983,0
55594,0
19757,0
54455,0
64723,0
55673,0
65267,0
25756,0
38055,0
47388,0
56494,0
12176,0
28751,0
72638,0
8152,0
19017,0
31979,0
39612,0
56067,0
22521,0
27402,0
56153,0
4052,0
55052,0
68752,0
40587,0
34477,0
59883,0
32775,0
67675,0
24241,0
9830,0
14240,0
32199,0
8770,0
33906,0
46033,0
76920,0
49754,0
34981,0
1400,0
56798,0
77472,0
34943,0
48782,0
68261,0
40059,0
67350,0
60928,0
37962,0
1299,0
7062,0
41864,0
33692,0
16852,0
30876,0
58371,0
77094,0
54470,0
55478,0
10291,0
40040,0
74899,0
40384,0
131,0
72427,0
33819,0
25143,0
39770,0
21573,0
72029,0
76294,0
43807,0
8629,0
13002,0
43043,0
38691,0
39346,0
40949,0
16623,0
44278,0
3188,0
54484,0
74894,0
5876,0
42305,0
34809,0
73922,0
40082,0
56147,0
16707,1
48143,0
55430,0
50222,0
46169,0
40580,0
72592,0
29261,0
67103,0
46270,0
77848,0
34867,0
29807,0
9029,0
8116,0
4340,0
66387,0
12653,0
15601,0
55687,0
65566,0
62972,0
728,0
57018,0
39531,0
64736,0
58943,0
48210,0
9640,0
44056,1
78137,0
63716,0
8420,0
53070,0
9965,0
46122,0
37064,0
261,0
37330,0
5715,0
74269,0
15720,0
44636,0
73784,0
75025,0
76502,0
38968,0
37165,0
542,0
55698,0
75248,0
29097,0
20461,0
75326,0
30622,0
20302,0
56743,0
9534,0
37166,0
8083,0
26576,0
52608,0
60253,0
58961,0
54080,0
30701,0
66132,0
62731,0
69939,0
69991,0
27578,0
19033,0
72419,0
17770,0
60332,0
55696,0
14994,0
26834,0
21297,0
56511,0
23413,0
34394,0
23778,0
7242,0
50527,0
6232,0
48690,0
19249,0
38418,0
13882,0
46701,0
63649,0
1971,0
44485,0
36200,0
70058,0
17001,0
22561,0
73395,0
31388,0
38246,0
60808,0
3345,0
34263,0
29800,0
16823,0
46123,0
62486,0
24937,0
32913,0
33183,0
57723,0
35170,0
75666,0
72867,0
59128,0
57490,0
13646,0
35593,0
24183,0
29094,0
14660,0
67323,0
24900,0
33039,0
8234,0
63020,0
26031,0
49229,0
33077,0
39115,0
13235,0
5964,0
12949,0
53367,0
40970,0
3424,0
61957,0
19727,0
46770,0
70259,0
20238,0
54587,0
32661,0
4032,0
46372,0
40079,0
73711,0
63843,0
52086,0
57836,0
17532,0
38544,0
67533,0
71945,0
29808,0
13449,0
52831,0
71599,0
18145,0
52375,0
78261,0
38243,0
38093,0
31107,0
73406,1
73205,0
37966,0
76855,0
55476,0
67080,0
41971,0
8394,0
65135,0
44586,0
23952,0
4736,0
62391,0
53956,0
8550,0
14047,0
21823,0
10343,0
36227,0
1464,1
3159,0
67822,0
12364,0
15822,0
69010,0
18303,0
74868,0
7197,0
37904,0
26127,0
20814,0
40889,0
33672,0
57521,1
42596,0
54842,0
2619,0
7649,0
15977,0
16525,0
28740,0
33897,0
62872,0
23372,0
17233,0
66443,0
61766,0
11839,0
25177,0
11520,0
73089,0
37804,0
60674,0
44865,0
31177,0
28455,0
76531,0
52373,0
3574,0
44282,0
32530,0
12027,0
13361,0
69492,0
73643,0
31338,0
27303,0
50635,0
7349,0
3630,0
37625,0
66194,0
61588,0
54194,0
23542,0
73941,0
76887,0
39981,0
8718,0
44318,0
2314,0
78125,0
65292,0
45093,0
8640,0
12665,0
36048,0
55261,0
10107,0
21700,0
24764,1
68340,0
39278,0
61370,0
5748,0
51248,0
29211,0
24077,0
70482,0
73500,0
52445,0
64598,0
6096,0
64681,0
71879,0
64617,0
69864,0
45823,0
47606,0
58139,0
19861,0
35747,0
23054,0
15662,0
46525,0
50819,0
5634,0
52899,0
15750,0
48224,0
71950,0
61389,0
59515,0
61743,0
35052,0
22389,0
1883,0
73999,0
12307,0
655,0
69922,0
8165,1
63267,0
48890,0
26071,0
43335,1
4936,0
44936,0
2975,0
56558,0
67768,0
35532,0
28148,0
29310,0
71272,0
72910,0
22023,0
1164,0
74437,0
18373,0
16368,0
51701,0
8220,0
56473,0
44215,0
9350,0
59407,0
52819,0
72002,0
4829,0
74253,0
8341,0
78239,0
65724,0
7446,0
53273,0
12417,0
50061,0
32578,0
29579,0
63032,0
39672,0
18665,0
46863,0
5719,0
58182,0
34549,0
17303,0
51341,0
49552,0
49947,0
70300,0
38543,0
57119,0
64138,0
8944,0
56947,0
6601,0
61978,0
35848,0
34559,0
12744,0
33833,0
56075,0
68274,0
2854,0
48611,0
30943,0
69012,0
21060,0
6709,0
50492,0
30624,1
40654,0
24439,0
56745,0
12379,0
19657,0
55720,0
63213,0
55167,0
77318,0
49416,0
34063,0
11731,0
78107,0
65732,0
7443,0
41708,0
2636,0
64673,0
19690,0
32318,0
6940,0
21496,0
74171,0
54085,0
4612,0
788,0
16070,0
50063,0
15540,0
19643,0
49468,0
70243,0
29528,0
13974,0
31221,0
18862,0
75921,0
68327,0
39113,0
43762,1
71243,0
38806,0
30612,0
117,0
26161,0
9209,0
16752,0
3309,0
66952,0
65824,0
52001,0
15768,0
17769,1
38996,0
75826,0
49700,0
5425,0
77698,0
47638,0
8586,0
69065,0
19119,0
22666,0
71164,0
43921,0
37711,0
52717,0
7219,0
55821,0
65491,0
24784,0
1224,0
37836,0
1189,0
706,0
38409,0
6168,0
61059,0
9914,0
412,0
40664,0
17551,0
77276,0
72368,0
37671,0
64054,0
14317,0
70698,0
41538,0
19257,0
70748,0
72876,0
66798,0
26444,0
28280,0
5336,0
32943,0
23670,0
28061,0
31487,0
77429,0
20336,0
22543,0
38339,0
38888,0
12349,0
17347,0
32240,0
65919,0
5886,0
62750,0
31404,0
78009,0
44002,0
51028,0
9849,0
5437,0
49390,0
59752,0
66202,0
47106,0
30795,0
56633,0
75388,0
53408,0
38696,0
33192,0
25454,0
71811,0
37611,0
39338,0
10269,0
33009,0
10758,0
30160,0
32978,0
6385,0
46551,0
52218,0
5809,0
29227,0
22072,0
49153,0
54995,0
72010,0
56115,0
41998,0
16061,0
36948,0
61126,0
34774,0
30344,0
42521,0
23042,0
57301,0
47777,0
42229,0
67137,0
39155,0
31593,0
74360,0
58881,1
55018,0
19902,0
49260,0
10104,0
63968,0
76077,0
54294,1
68719,0
45992,0
71304,0
7280,0
55437,0
17370,1
16085,0
34486,0
15357,0
36409,0
30884,0
64719,0
69446,0
71779,0
16163,0
36831,0
8210,0
20123,0
44745,0
27718,1
368,0
67510,0
6090,0
69346,0
70562,0
30506,0
45072,0
75856,0
13466,0
17689,0
63895,0
56687,0
45344,0
47305,0
63780,0
16813,0
77437,0
45065,0
11710,0
49542,0
34881,0
65657,0
54310,0
47919,0
25700,0
62541,0
51978,0
53705,0
51822,1
41582,0
24547,0
73552,0
42857,0
7078,0
54861,0
26995,0
72133,0
46760,0
19788,0
46980,0
34580,0
75131,0
23582,0
2184,0
57186,0
31015,0
74034,0
9363,0
20607,0
403,0
66606,1
60801,0
54957,0
29451,0
42552,0
7681,0
53117,0
35300,0
3483,0
76854,0
2569,0
64309,0
67041,0
6287,0
26051,0
48152,0
35373,0
57409,0
66980,0
38266,0
26217,0
57800,0
70212,0
19570,0
59445,0
3845,0
52337,0
38320,0
6642,0
14797,0
16173,0
26439,0
8864,0
64189,0
7241,0
59413,0
7902,0
71544,0
52551,0
15695,0
67362,0
53788,0
7310,0
16503,0
63074,0
15209,0
25809,0
23312,0
34268,0
41417,0
11609,0
46348,0
38867,0
46435,0
45832,0
18695,0
71027,0
45405,0
51477,0
24629,0
20348,0
17562,0
38894,0
21626,0
630,0
4975,0
13612,0
61598,0
16010,0
77859,0
29040,0
12887,0
44525,0
24796,0
38411,0
41764,0
58339,0
47330,0
33934,0
2669,0
28923,0
53891,0
48700,0
45180,0
72580,0
8885,0
12362,0
17378,0
49536,0
36604,0
52775,0
20004,0
73252,0
40533,0
14125,0
37930,0
77969,0
40493,0
54021,0
7603,0
49715,0
74682,0
37675,0
34173,0
25130,0
50523,0
4347,0
57047,0
75662,0
5456,0
77045,0
50588,0
46157,0
51684,0
78055,0
68471,0
60364,0
15592,0
23142,0
39393,0
39044,0
45097,0
41350,0
67508,0
58891,0
10413,0
27865,0
42617,0
50213,0
19280,0
33744,0
57006,0
14265,0
70833,0
11971,0
28375,0
3332,0
7353,0
16958,0
24662,0
10903,0
29084,0
26992,0
30463,0
43612,0
41043,0
38972,0
3328,0
24836,0
5787,0
35955,0
2130,0
30569,0
21401,0
56163,0
72673,0
56479,0
19128,0
49158,0
41368,0
5027,0
44033,0
50385,0
24301,0
63683,0
46229,0
24757,0
30286,0
42355,0
72824,0
60640,0
37992,0
36430,0
21652,0
64548,0
2124,0
55050,0
36238,0
57574,0
31635,0
4409,0
30171,0
4511,0
24019,0
44403,0
2215,0
26566,1
25044,0
68480,0
77152,0
66748,0
73997,0
39433,0
49289,0
29664,0
45001,0
12437,0
72547,0
40063,1
35749,0
57812,0
45016,0
26949,0
76432,0
28843,0
27500,0
14746,0
28970,0
53386,0
29370,0
16861,0
78088,0
74922,0
74420,0
12365,0
67513,0
66801,0
77964,0
2194,0
16100,0
43192,0
50570,0
15652,0
45870,0
8359,0
52143,0
34450,0
75705,0
69800,0
77523,0
29724,0
27380,0
44567,0
40513,0
18743,0
22384,0
26657,0
64958,0
68512,0
3929,0
18893,0
22188,0
13633,0
3164,0
70692,0
22771,0
70926,0
2600,0
1620,0
20615,0
77587,0
17315,0
24693,0
21654,0
25896,0
48916,0
56982,0
35861,0
54537,0
71709,0
16252,0
60850,0
9869,0
48447,0
16885,0
43706,0
77810,0
60884,0
37070,0
10130,0
48226,0
45302,0
2238,0
58323,0
787,0
36838,0
2933,0
17625,0
4259,0
48882,0
8856,0
12468,1
14686,0
46524,0
18729,0
58237,0
59187,0
76284,0
72808,0
55791,0
71609,0
76224,0
46893,0
50901,0
14176,0
41579,0
5408,0
51365,0
40771,0
13778,0
67311,0
23808,0
33172,0
45939,0
4954,0
4324,1
62172,0
30694,0
6558,0
72972,0
63340,1
55938,0
37767,0
19627,0
47978,0
67168,0
28111,0
37961,0
55588,0
19641,0
34869,0
37418,0
34989,0
2869,0
54821,0
62284,0
31281,0
75888,0
57899,0
29597,0
37368,1
67642,0
48837,0
21941,0
11598,0
31095,0
5289,0
63984,0
61550,0
66356,0
17695,0
49112,0
59308,0
63169,0
75911,0
69803,0
42251,0
17319,0
18860,1
9775,1
59111,0
34251,0
40393,0
32894,0
10753,0
33623,0
23000,0
36873,0
9416,0
60369,0
57650,0
46873,0
42726,0
38912,0
6169,1
44055,0
17994,0
35256,0
27403,0
68035,0
22537,0
61231,0
13192,0
66924,0
55678,0
38768,0
76703,0
14130,0
10731,0
38716,0
53810,0
6973,0
61597,0
44024,0
23577,0
37717,0
61515,0
56724,0
54215,0
5065,0
49843,0
13042,0
51417,0
21742,0
63337,0
21146,0
9594,0
43743,0
69940,0
20517,0
69190,0
57050,0
49523,0
566,0
47527,0
65446,0
62795,0
52465,0
32826,0
49985,0
15663,0
9028,0
40163,0
29507,0
41316,0
63211,0
56212,0
41315,0
4934,0
43178,0
4090,0
13492,0
76160,0
64092,0
13352,0
13665,0
13767,0
17210,0
68789,0
23265,0
26983,0
17874,0
75543,0
27690,0
77360,0
6042,0
49132,0
46402,0
38026,0
8066,0
48686,0
72282,0
36788,0
26823,0
59662,0
32892,0
51080,0
27353,0
24707,0
43387,0
73875,0
74104,0
77219,0
36751,0
18070,0
40056,0
2182,1
8804,0
42610,0
16547,0
61191,0
39072,0
5280,0
27073,0
42128,0
52300,0
60735,0
60076,0
67830,0
1946,0
39267,0
43237,0
21438,0
14842,0
18284,0
49675,0
2012,0
4430,0
59659,0
30182,0
48823,0
56238,0
35623,0
70894,0
6714,0
74999,0
400,0
7767,0
21638,0
69096,0
5421,0
11405,0
19563,0
75188,0
18295,0
62036,0
14292,0
37014,0
37323,0
37063,0
7282,0
51994,0
28769,0
38296,0
35959,0
17486,0
78168,0
73772,0
63469,0
39257,1
11152,0
69178,0
27802,0
71453,0
9823,0
32750,0
51919,0
30177,0
123,0
35958,0
23390,0
31517,1
59292,0
54167,0
5348,0
20605,0
7270,0
59890,0
34800,0
52781,0
52759,0
7906,1
10307,0
64979,0
55003,0
32974,0
11510,0
4073,0
6278,0
73145,0
49198,0
57354,0
1760,0
48341,0
77730,1
10449,0
18869,0
4461,0
69185,0
76523,0
25551,0
71782,0
54180,0
1626,0
10191,0
16832,0
60380,0
39792,0
13342,0
63420,0
24651,0
29571,0
40989,0
52708,0
60408,0
22499,0
72187,0
53737,0
69551,0
59461,0
29090,1
6620,0
55248,1
33941,0
33716,0
76242,0
45800,0
59312,0
20911,0
47021,0
72036,0
61802,0
36555,0
64385,0
12401,1
9754,0
30666,0
69735,0
9503,0
33203,0
25960,0
50215,0
76408,0
31797,0
39519,0
76481,0
75158,0
26016,0
67571,0
50278,0
57297,0
40661,0
2844,0
71548,0
39897,0
23618,0
44419,0
34243,0
903,0
9531,0
78117,0
42997,0
13707,0
30739,0
17174,0
62129,0
44914,0
59774,0
22589,0
16275,0
46677,0
20408,0
34977,0
54022,0
56759,0
48065,0
15478,0
56355,0
16477,0
68448,0
35136,0
20479,0
26416,0
47044,0
72717,0
51159,0
45638,0
47564,0
39757,0
34692,0
2749,0
53621,0
68900,0
44655,0
76446,0
11221,0
7408,0
68414,0
35431,0
70484,0
13890,0
17026,0
62110,0
72463,0
9686,0
6790,0
61919,0
51916,0
4213,0
34772,0
25636,0
31271,0
78240,0
33412,0
63048,0
14969,0
50675,0
43405,0
64726,0
31101,0
11059,0
77124,0
60817,0
16413,0
44348,0
44540,0
69382,0
10888,0
40702,0
77425,0
37124,0
24731,0
67268,0
10021,0
21313,0
27410,0
42544,0
11898,0
56484,0
70065,0
65161,0
68952,0
53533,0
17368,0
56525,0
55147,0
20913,0
22479,0
38644,0
654,0
8535,0
47563,0
21370,0
53986,0
43437,0
336,0
24306,0
37901,0
74806,0
77655,0
48903,0
7888,0
14216,0
29240,0
45783,0
12838,0
62490,0
59750,0
42665,0
59453,0
18343,0
76473,0
17079,0
60881,0
57530,0
11190,0
9413,0
17716,0
43527,0
28467,0
43695,0
39079,0
51385,0
51519,0
15094,0
11499,0
75958,0
62073,0
36812,0
41740,0
35617,0
7996,0
74442,0
147,0
41265,0
52486,0
47940,0
66141,0
32522,1
49723,0
11961,0
16849,0
14149,0
40684,0
2843,0
56817,0
20413,0
41032,0
59287,0
56956,0
3672,0
31203,0
61088,0
3322,0
71830,0
52027,0
44207,0
10987,0
40536,0
69692,0
36416,0
71218,0
63004,0
48400,0
52044,0
67097,0
21110,0
3578,0
63570,0
55210,0
59734,0
67424,0
47004,0
68409,0
61418,0
45815,0
19137,0
76656,0
3505,0
38595,1
27077,0
72347,0
68579,0
18970,0
30005,0
7554,0
55503,0
69083,0
37237,0
46864,0
14644,0
45655,0
40381,0
24146,1
33787,0
16665,0
77645,0
67110,0
28434,0
39340,0
24369,0
2582,0
28547,0
51262,0
59498,0
47833,0
73138,0
32066,0
66109,0
35533,1
10187,0
71045,0
25974,0
4658,0
26900,0
71639,0
75479,0
5118,1
15183,0
53387,0
17693,0
49962,0
65049,0
68631,0
19934,0
59272,0
44456,0
22366,0
4644,0
48114,0
14881,0
6312,0
37960,0
17711,0
28260,0
25251,0
28185,0
39360,0
57797,0
26285,0
67619,0
61742,0
25805,0
53170,0
28520,0
55203,0
32406,0
38150,0
56091,0
65469,0
69108,0
42407,0
59210,0
17085,0
58498,0
4250,0
25694,0
11571,0
55693,0
76447,0
30156,0
27922,0
76715,0
39464,0
41615,0
61496,0
12409,0
34840,0
55053,0
53194,0
36276,0
31152,0
60830,0
8320,0
15471,0
47877,0
57590,0
51738,0
64170,0
3180,0
39748,0
41416,0
23492,0
60554,0
53135,0
61026,0
21631,0
16781,0
49757,0
68296,0
6093,0
15893,0
29947,0
38267,0
29184,0
5529,0
74576,0
38682,0
58405,0
13405,0
27091,0
55948,0
15758,0
74855,0
74065,0
48628,0
73568,0
25786,0
60103,0
6528,0
36263,0
32288,0
11977,0
8572,0
40797,0
21926,0
46654,0
74691,0
10632,0
51263,0
66645,0
24483,0
50871,0
34894,0
38886,0
1480,0
28313,0
44531,0
32727,0
18718,0
30844,0
53850,0
24497,0
45237,0
48844,0
61344,0
23643,0
50697,0
71180,0
38177,0
57594,0
68960,0
38100,0
43574,0
50729,0
52763,0
41282,0
3270,0
2947,0
69653,0
19474,0
61608,0
64459,0
53432,0
35305,0
11307,0
49853,0
56992,0
42373,0
47913,0
78101,0
25462,0
13688,0
29344,0
34061,0
548,0
70813,0
41679,0
2113,0
16810,0
45152,0
19332,0
10090,0
15426,0
40786,0
53206,0
22573,0
50903,0
13058,0
68523,0
62301,0
52903,0
66769,0
16637,0
74742,0
13145,0
10917,0
36566,0
970,0
36875,0
46561,0
34776,0
9379,0
53364,0
67089,0
36647,0
18190,0
29349,0
50103,0
72038,0
25680,0
54476,0
37289,0
34714,0
62217,0
25814,0
7990,0
74815,0
22773,0
33901,0
32675,0
56405,0
54576,0
36106,0
9887,0
71208,0
45046,0
11269,0
51117,0
74134,0
41532,0
22242,0
25552,0
16491,0
19797,0
21414,0
52962,0
23625,0
7352,0
66864,0
52047,0
35187,0
38884,0
69418,0
36807,0
67257,0
25688,0
58443,0
57078,0
40809,0
68207,0
1696,0
76591,0
53115,0
58703,0
23098,0
13383,0
47129,0
24652,0
11053,0
23190,0
23881,0
32998,0
75690,0
26376,0
55623,0
70064,0
30523,0
22489,0
64457,0
7327,0
15616,0
26178,0
46572,0
42295,0
4790,0
67280,0
66539,0
37428,0
2061,0
67611,0
63345,0
13909,0
8190,0
72001,0
50644,1
33829,0
39261,0
27793,0
68495,0
76330,0
3684,0
77812,0
44868,0
70221,0
72986,0
32088,0
49029,0
18552,0
976,0
33086,0
20202,0
1960,0
24679,0
63130,0
18297,0
65911,0
65564,0
51706,0
46851,0
15121,0
2199,0
73,0
53334,0
4366,0
64077,0
39525,0
32648,0
25236,0
54626,0
72274,0
83,0
24245,0
15100,0
43071,0
67001,0
60893,0
47324,0
38045,0
75673,0
4843,0
66325,0
719,0
34003,0
199,0
76102,0
64854,0
5431,0
10792,0
17217,0
25278,0
13561,0
71890,0
65997,0
58563,0
55002,0
31361,0
37056,0
35453,0
31619,0
50963,0
43170,0
11097,0
47642,0
25335,0
16929,0
66281,0
21421,0
69155,0
30455,0
27987,0
26244,0
73686,0
1667,0
22404,0
61460,0
13458,0
38215,0
50031,0
50920,0
1444,0
44314,0
16642,0
65575,0
49357,0
8055,0
250,0
52455,0
34476,0
57245,0
38438,0
40483,0
21933,0
37220,0
67182,0
1550,0
75294,0
52384,0
43591,0
38830,0
60200,0
13483,0
62918,0
15149,0
4958,0
53296,0
27541,0
12682,0
28977,0
42675,0
1932,0
12624,1
60174,0
39196,0
36879,0
23517,0
27427,0
69113,0
7831,0
63167,1
73629,1
40301,0
15957,0
53578,0
375,0
45263,0
42859,0
20751,0
69243,0
7926,0
29931,0
71477,0
35954,0
64796,0
37146,0
19489,0
1016,0
58839,0
25244,0
18458,0
24458,0
18917,0
51585,0
13089,0
62231,0
5309,0
53817,0
40150,0
36365,0
78228,0
22541,0
2237,0
46679,0
77929,0
69322,0
55824,0
23293,0
12638,0
47047,0
69744,0
56721,0
1386,0
11552,0
33313,0
63030,0
11736,0
32545,0
58913,0
67246,0
38337,0
17574,0
7510,0
41273,0
75440,0
63216,0
11,0
59758,0
55899,0
65973,0
11483,0
52704,0
2311,0
68986,0
25567,0
49819,0
23814,0
54527,0
7478,0
4660,0
6022,0
46664,0
12773,0
1459,0
65091,0
2250,0
27365,1
26723,0
38513,0
65123,0
47945,0
43643,0
54316,0
59332,0
62140,0
3688,0
75171,0
63084,0
54466,0
75137,0
73582,0
15574,0
31543,0
73567,0
24928,0
76782,0
45949,0
57511,0
22003,0
61864,0
50976,0
21947,0
20595,0
29535,0
6865,0
39887,0
52191,0
24804,0
59716,0
28107,0
52050,0
44149,0
53709,0
33894,0
58651,0
31120,0
11663,0
35132,0
74672,0
49015,0
14137,0
43011,0
37938,1
8672,0
49004,0
40769,0
70962,0
34419,0
37265,0
28101,0
60707,0
9267,0
28692,0
18489,0
22348,0
25736,0
36797,0
20023,0
34145,0
50521,0
47206,0
67319,0
74588,0
7040,0
55193,0
78043,0
67258,0
19180,0
50718,0
7013,0
28267,0
64883,0
73233,0
71001,0
77933,0
61789,0
590,0
63617,0
49374,0
55664,0
72639,0
8857,0
49604,0
28356,0
74889,0
74347,0
27776,0
72207,0
23387,0
28371,0
4821,0
72040,0
3899,0
17731,0
40506,0
71756,0
24079,0
8195,0
45482,0
40535,1
55952,0
75428,0
50470,0
61081,0
64620,0
56549,0
36514,0
49533,0
57762,0
44424,0
1120,0
70804,0
71382,0
36747,0
11160,0
26811,0
39480,0
14264,0
2030,0
38938,0
32290,0
32173,0
64728,0
16415,0
5136,0
3084,0
61607,0
23628,0
65259,0
6589,0
73496,0
22459,0
64181,0
57912,0
34573,0
21660,0
76064,0
19664,0
4732,0
50616,0
71474,0
24161,0
4948,0
44993,0
70781,0
46783,0
74908,0
17552,0
14864,0
19102,0
55342,0
610,0
32517,0
11621,0
31239,0
74090,0
71269,0
41131,0
19064,0
47005,0
19368,0
32150,0
66714,0
47208,0
43609,0
43348,0
72170,0
6727,0
2445,0
71726,0
26663,0
8250,0
67674,0
75309,0
50719,0
76272,0
45280,0
25709,0
37708,0
17048,0
62168,0
63603,0
15632,0
43556,0
6142,0
63,0
12232,0
13874,0
34111,0
38156,0
57981,0
112,0
52225,0
55031,0
54398,0
64653,0
29871,0
7187,0
48417,0
31874,0
54935,0
62869,0
47929,0
10123,0
22729,1
9653,0
14096,0
68431,0
66508,0
12014,0
38434,0
68893,0
2226,0
16406,0
2836,0
24382,0
32254,0
34830,0
41988,0
58608,0
5313,0
20009,0
72104,0
69818,0
41851,0
37084,0
64672,0
69324,0
23324,0
57805,0
42667,0
25721,0
73457,0
67564,1
29275,0
74400,0
65205,0
57349,0
19465,0
16940,0
36243,1
24522,0
44470,0
50116,0
62871,0
10820,0
15669,0
74059,0
65536,0
17312,0
44945,0
30668,0
2232,0
26510,0
50835,0
1789,0
26394,0
11631,0
20547,0
36088,0
31620,0
33100,0
24130,0
28407,0
19205,0
7273,0
74390,0
49749,0
34530,0
72970,0
23051,0
18684,0
58192,0
76217,0
47302,0
76924,0
35456,0
66546,0
66453,0
51821,0
7918,0
74471,0
42787,0
73867,0
71267,0
36264,0
22231,0
48996,0
8578,0
10146,0
73612,0
60362,0
1015,0
70591,0
34673,0
38976,0
42635,0
50956,0
54539,0
26857,0
49907,0
30075,0
33645,0
45307,0
1074,0
6473,0
23999,0
11668,0
9037,0
48661,0
16634,0
68050,0
70144,0
2157,0
22926,0
10537,0
24572,0
49812,0
5738,0
58936,0
13843,0
41100,0
31643,0
52943,0
74020,0
75207,0
64447,0
46128,0
41135,0
40544,0
60769,0
31078,0
21589,0
50700,0
73884,0
54698,0
1722,0
63993,0
37159,0
55596,0
16672,0
45212,0
6525,0
34568,0
41933,0
77903,0
68287,0
9583,0
71285,0
21765,0
55361,0
6049,0
76484,0
73770,0
49404,0
48704,0
62936,0
46104,0
47768,0
49936,0
52605,0
5166,0
26062,0
25394,0
16969,0
32485,0
39926,0
1802,0
57821,1
25004,0
21099,0
27305,0
44404,0
37950,0
15249,1
47319,0
55324,0
25135,0
73453,0
21642,0
40573,0
74093,0
26815,0
43051,0
49771,0
4841,0
12158,0
68924,0
51032,0
56507,0
67444,0
64819,0
28546,0
45668,0
27661,0
66390,0
5606,0
11879,0
13997,0
25874,0
70656,0
50640,0
58957,0
24153,0
20914,0
11593,0
69303,0
1970,0
23321,0
22956,0
29024,0
20465,0
9961,0
74794,0
42583,0
60955,0
52125,0
11204,0
76886,0
20597,0
60243,1
24905,0
30115,0
53287,0
4656,0
4531,0
54120,0
30129,0
9201,0
35058,0
54451,0
32679,0
58542,0
29553,0
35653,0
68130,0
40899,0
10573,0
73011,0
68853,0
71676,0
70022,0
21672,0
31316,1
11671,0
74605,0
35014,0
13923,0
52135,0
31781,0
7916,0
11395,0
8124,0
25425,0
24908,0
6888,0
23923,0
13381,0
2198,0
41372,0
39952,0
8918,0
57648,0
11410,0
64587,0
42292,0
29088,0
4299,0
4652,0
61511,0
41638,0
66251,0
25334,0
1003,0
72311,0
19997,0
41784,0
53338,0
64418,0
7812,0
18096,0
11098,0
77396,0
46726,0
3052,0
49204,0
14794,0
41534,0
59632,0
71828,0
4533,0
44515,0
75676,0
7534,0
9894,0
34254,0
27002,0
17460,0
35837,0
39916,0
60271,0
29246,0
25715,0
15708,0
28067,0
19082,0
69269,0
56797,0
62529,0
34256,0
29141,0
14416,0
36683,0
36713,0
29762,0
19580,0
15561,0
51986,0
10212,0
22982,0
59669,0
16144,0
11116,0
19558,1
52721,0
72005,0
26143,0
23775,0
33988,0
25086,0
73281,0
6192,0
45989,0
19948,0
70438,0
22491,0
13899,0
13615,0
28159,0
53692,0
72254,0
36061,0
27296,0
72464,0
72248,0
70612,0
71837,0
35071,0
5424,0
23184,0
10459,0
60714,0
26153,0
31579,0
54165,0
72097,0
3492,0
23901,0
37520,0
33451,0
62444,0
44490,0
72831,0
70808,0
73234,0
39684,0
35937,0
51261,0
29489,0
63300,0
74386,0
5093,0
12763,0
57917,0
21236,0
4488,0
38292,0
40386,0
44099,0
7118,0
470,0
71896,0
62437,0
1056,0
49150,0
54259,0
41865,0
14169,0
24479,0
29106,0
40233,0
61880,0
730,0
63289,0
1238,0
29165,0
1688,0
5368,0
13693,0
12058,0
39064,0
18865,0
18638,0
24336,0
56842,0
74503,0
46474,0
77771,1
77836,0
22811,0
68301,0
66073,0
34970,0
68442,0
45718,0
7617,0
1379,0
11149,0
8970,0
28933,0
69080,0
51351,0
68655,0
46002,0
74494,0
69175,0
35607,0
14469,0
62160,0
67580,0
3726,0
11019,0
20831,0
7289,0
22635,0
14179,1
34627,0
41030,0
16789,0
71498,0
59222,0
39566,0
60738,0
68676,0
60617,0
59764,1
38193,0
50849,0
705,1
5360,0
18059,0
77294,0
39349,0
22674,0
64523,0
54270,0
71220,0
75104,0
67971,0
37042,0
75397,0
73142,0
31436,1
1460,0
57226,0
27608,0
26300,0
57986,0
15766,0
47893,0
8323,0
32064,0
51123,0
9539,0
29623,0
29795,0
77096,0
6626,0
2293,0
69873,0
25959,0
38586,0
17124,0
68702,0
1840,0
24734,0
55192,0
10506,0
8726,0
32497,0
6046,0
457,0
18799,0
12700,0
11032,0
61440,0
71746,1
25208,0
75169,0
45883,0
74593,0
49316,0
73021,0
3924,0
8664,0
64678,0
17059,1
56189,0
6653,0
52607,0
19020,0
18215,0
25401,0
12418,0
54743,0
46892,0
58399,0
55489,0
12880,0
39668,0
76582,0
19099,0
28908,0
47453,0
74824,0
67348,0
343,0
20484,0
66490,0
11983,0
71362,0
31054,0
64006,0
60019,0
426,0
39910,1
71589,0
60221,0
43069,0
62526,0
15351,0
13845,0
60426,0
65350,0
10875,0
42946,0
48897,0
66794,0
33054,0
12168,0
37391,0
12465,0
59227,0
77273,0
3418,0
16918,0
17,0
12003,0
37618,1
48587,0
72215,0
12263,0
7615,0
76601,0
7818,0
56496,0
64050,0
20353,0
77114,0
6001,0
35302,0
39086,0
44746,0
12694,0
74816,0
11386,0
55861,0
68981,0
28760,0
35173,0
63874,0
5697,0
73721,0
33555,0
3988,0
75132,0
72828,1
44360,0
77024,0
58617,0
27879,0
69307,0
34485,0
39711,0
6659,0
3214,0
66604,0
32831,0
13186,0
49688,0
5849,0
46558,0
66824,1
54548,0
75266,0
21751,0
2746,0
35796,0
22638,0
46626,0
27962,0
67562,0
7169,0
11972,0
59144,0
65451,0
1471,0
63728,0
69301,0
3814,0
33942,0
55500,0
42222,0
37202,0
30831,0
17795,0
56519,0
49123,0
24575,0
70356,0
19090,0
16112,0
24489,0
56729,0
14366,0
61925,0
20137,0
64177,0
35197,0
29862,0
30540,0
19537,0
69713,0
52389,0
1334,0
2379,0
72989,0
58870,0
50304,0
17524,0
70623,0
56289,0
5477,0
54498,0
52854,1
12116,0
25367,0
42241,1
54927,0
2920,0
24113,0
73056,0
13412,0
51063,0
43870,0
72430,0
41258,0
47871,0
15624,0
63464,0
44777,0
27331,0
73775,0
9169,0
24437,0
67982,0
22012,0
64753,0
12456,0
67100,0
34950,0
2837,0
49352,0
58030,0
64244,0
77247,0
69448,0
58376,0
22560,0
18838,0
63425,0
77553,0
36793,0
32938,0
22260,0
37113,0
2711,0
29471,0
75088,0
69644,0
76597,0
35625,0
16592,0
24582,0
42795,0
73904,0
63857,0
1939,0
48300,0
67200,0
36622,0
5298,0
31094,0
11161,0
30420,0
76683,0
29688,0
8061,0
78042,0
43122,0
48463,0
70184,0
25124,0
7861,0
38217,0
51138,0
16202,0
51182,0
54095,0
35972,0
72365,0
73691,0
37406,0
77414,0
39479,0
37626,0
20150,0
41549,0
44031,0
74776,0
21029,0
61178,0
40516,0
28081,0
2366,0
71265,0
46427,0
54052,0
45007,0
8379,0
75709,0
16161,0
21866,0
68260,0
38289,0
30219,0
53702,0
46085,0
32929,0
10657,0
6609,0
8268,0
4446,0
19426,0
77600,0
70731,0
28322,0
32572,0
3374,0
69133,0
77701,0
70181,0
24639,0
51562,0
35997,0
31195,0
54557,0
60199,0
54504,0
7501,0
12553,0
47133,0
23911,0
26878,0
66891,0
66731,0
66870,0
50672,0
51007,0
76368,0
30957,1
77717,0
70874,0
44708,0
21366,0
37552,0
68999,0
60983,0
52280,0
74260,0
68742,0
39355,0
62349,0
47667,0
28189,0
59654,0
17578,0
39045,0
67465,0
25815,0
52060,0
35363,0
53585,0
23426,0
62862,0
64129,0
3592,0
28779,0
649,0
60673,0
23255,0
4088,0
25780,0
21819,0
64724,0
24068,0
22,0
36139,0
73773,0
29645,0
72991,0
12336,0
19008,0
69287,0
47016,0
57149,0
23970,0
1213,0
54217,0
31490,0
31706,0
41340,0
68604,0
19001,0
34919,0
35602,0
30681,0
18764,0
32458,0
27130,0
44242,0
6510,0
49643,0
12169,0
42550,0
59997,0
36961,0
56021,0
8478,0
57916,0
28734,0
4965,0
22733,0
42522,0
55396,0
65925,1
36129,0
36778,0
19533,0
47272,0
46703,0
54464,0
62377,0
20400,0
14878,0
64818,0
21852,0
52172,0
53593,0
61432,0
70657,0
33390,0
68757,0
34738,0
7835,0
17983,0
12613,0
26033,0
49666,0
73094,0
54132,0
56057,0
76959,1
16297,0
27104,0
42743,0
11482,0
65807,0
67577,0
9418,0
50510,0
24897,0
14964,0
72000,0
25763,0
12348,0
63174,0
46777,0
73035,0
43688,0
9713,0
18989,0
77242,0
75466,0
10354,0
1055,0
63950,0
17134,0
21020,0
27234,0
4358,0
49170,0
60785,0
64810,0
63229,0
39743,0
73113,0
49351,0
73584,0
16840,0
26842,0
77364,0
2951,0
60272,0
30364,0
67777,0
20556,0
55068,0
17660,0
1884,0
10923,0
4349,0
46803,0
64163,0
34110,0
43925,0
71723,0
73103,0
77855,0
74871,0
50025,0
61058,0
73580,0
8642,0
69179,0
68368,0
1689,0
17382,0
55806,0
17251,0
21764,0
37443,0
21472,0
33983,0
2034,0
19694,0
35446,0
20412,0
69907,0
1395,0
8819,0
15659,0
9543,0
24841,0
10894,0
64623,0
37658,0
66241,0
48703,0
78005,1
52953,0
32217,0
30152,0
18370,0
65467,0
33284,0
69217,0
1102,0
31569,0
55408,0
37048,0
17754,0
23273,0
59813,0
56702,0
77507,0
78162,0
26620,0
46486,0
11295,0
13170,0
74990,0
19304,1
23449,0
14224,0
49080,0
67183,0
12615,0
58395,0
45339,0
54855,0
6999,0
77341,0
7743,0
59568,0
54571,0
6141,0
32287,0
72442,0
59088,1
62596,0
63819,0
1019,0
401,0
59805,0
16016,0
31350,0
33076,0
14590,0
72923,0
44981,0
22709,0
14525,0
37103,0
24179,0
61443,0
9469,0
46755,0
62374,0
31363,0
72388,0
15283,0
46968,0
168,0
40635,0
67327,0
67235,0
67810,0
49249,0
75505,0
2680,0
7363,0
18794,0
58204,0
56581,0
65373,0
78254,0
64365,0
72242,0
40000,0
35578,0
26509,0
7817,0
64033,0
21359,0
73657,0
63092,0
61951,0
48971,1
65743,0
72842,0
76370,0
62294,0
28842,0
44533,0
57665,0
70467,0
20346,0
41903,0
76492,0
22024,0
41446,0
38447,0
52727,1
9923,0
30248,0
17758,0
67854,0
34918,0
26716,0
52526,0
39706,1
68289,1
2826,0
24902,0
59107,0
4444,0
56459,0
44500,0
33333,0
69893,0
4911,0
10394,0
47866,0
17596,0
45860,0
14550,0
58706,0
16009,0
77965,0
35298,0
20724,0
46797,0
73497,0
27949,0
62416,0
50353,0
23335,0
16037,0
50655,0
61458,0
56911,0
71793,0
24713,0
52946,1
55479,0
74619,0
25861,0
33727,0
24503,0
39178,0
40020,0
8134,0
59916,0
4314,0
70107,0
62055,0
60204,0
26282,0
12043,0
29730,0
25026,0
35090,0
62567,0
23182,0
10408,0
43523,0
39096,0
46281,0
30610,0
20598,0
52230,0
45827,0
75324,0
26469,0
56919,0
64593,0
17011,0
28689,0
65366,0
37796,0
25277,0
10371,0
63239,0
58179,0
2421,0
68632,0
30591,0
57907,0
56398,0
27010,0
58890,0
41427,0
41220,0
39885,0
15665,0
27777,0
54969,0
30003,0
33121,0
50090,0
22846,0
78033,0
69593,0
27867,0
63223,0
15734,0
54660,0
72743,0
41422,0
2675,0
28156,0
75657,0
75336,0
31750,0
48089,0
50448,0
31370,0
48934,0
45755,0
53286,0
43388,0
62061,0
33073,0
23899,0
18783,0
46776,0
49209,0
9468,0
70405,0
25543,0
9984,0
12664,0
8910,0
39010,0
23415,0
36942,0
19662,0
23153,0
39506,0
45012,1
59072,0
77464,0
26828,0
54382,0
31337,0
65642,0
76595,0
9623,0
21014,0
20731,0
5297,0
47071,0
62549,0
63547,0
41014,0
75432,0
61717,0
17948,0
59855,0
5804,0
44211,0
76723,0
28072,0
21161,0
16484,0
14489,0
31040,0
64267,0
66841,0
23262,0
49049,0
1193,0
67181,0
11129,0
57172,0
57614,0
39655,0
71629,0
26420,0
18555,0
1430,0
67406,0
8087,0
28949,0
75801,0
13479,0
75215,0
10499,0
37133,0
47327,0
69428,0
28183,0
73038,0
55385,0
22610,0
74536,0
70614,0
16269,0
74231,0
29916,0
60106,0
10805,0
39877,1
67411,0
23780,0
27350,0
61446,0
6390,0
66581,0
73436,0
8930,0
26752,0
69144,0
38446,0
24846,0
45272,0
48207,0
26545,0
4132,1
7552,0
71550,0
72489,0
52251,0
36245,0
56427,0
71312,0
23916,0
74907,0
32370,0
14199,0
74813,0
35651,0
35191,0
26221,0
72383,0
61002,0
77106,0
58042,0
63899,0
55111,0
69350,0
70747,0
3976,0
3629,0
44650,0
32144,0
22870,0
28129,0
26019,0
40053,0
39193,0
27332,0
5063,0
29690,0
22477,0
46833,0
38845,0
21069,0
70956,0
72513,0
72792,0
7055,0
1283,0
10809,0
55845,0
19823,0
57972,0
39886,0
34845,0
620,0
3694,0
13092,0
51912,0
35592,0
19179,0
62627,0
5565,0
75511,0
27791,0
55234,0
51314,0
4227,0
22105,0
75143,0
24519,0
44045,0
49999,0
46673,0
26384,0
24232,0
25001,0
44326,0
76171,1
57576,0
6504,0
73092,0
50739,0
69936,0
64531,0
59602,0
69235,0
73108,1
60363,0
37558,0
50111,0
5629,0
45361,0
25330,0
32614,0
68526,0
33671,0
39469,0
29569,0
15373,0
21263,0
4539,0
4713,0
68677,0
5958,0
8948,0
55740,0
24589,0
74741,0
11058,0
10921,0
44186,0
6998,0
30793,0
28639,0
32521,0
35316,0
28785,0
23607,0
38151,0
61639,0
12657,0
36122,0
43819,0
4321,0
22097,0
67838,0
11301,0
49138,0
77201,0
50372,0
11699,0
13191,0
38819,0
60913,0
35232,0
55953,1
4371,0
33241,0
24673,0
25796,0
26073,0
3939,0
52973,0
47690,0
50382,0
3194,0
2249,0
44391,0
9919,0
1433,0
52927,0
73780,0
30525,0
49497,0
65174,0
18615,0
5448,0
30008,0
54973,0
73273,0
50948,0
59500,0
33995,0
17127,0
45547,0
71340,0
49744,0
9401,0
51437,0
66664,0
76725,0
46834,0
55749,0
40831,0
16594,0
54102,0
28006,0
20308,0
71765,0
70441,0
63475,0
68861,0
14618,0
34155,0
77370,0
38551,0
21915,0
43482,0
16103,0
5393,0
30224,0
58507,0
45378,0
4094,0
42226,0
70472,0
21198,0
48659,0
55528,0
13826,0
34275,0
64561,0
56351,0
71458,0
24148,0
22934,0
52485,0
40663,0
73240,0
59630,0
61404,0
76207,0
70032,0
2643,0
3077,0
36537,0
74330,0
5874,0
54681,0
28707,0
48558,0
23738,0
75520,0
18148,0
52317,0
28069,0
15956,0
33814,0
7506,0
4170,0
35771,0
39783,0
25689,0
12586,0
13273,0
7709,0
48329,0
52823,0
16945,0
72520,0
48129,0
62905,0
25411,0
76139,0
12520,0
29068,0
12214,0
410,0
26374,0
49409,0
2109,0
22298,0
26103,0
32375,0
37473,0
6640,0
53091,0
55401,0
13523,0
64100,0
560,1
30369,0
45996,1
29429,0
28334,0
28131,0
54602,0
42161,0
71749,0
71266,0
26048,0
66655,0
42494,0
75895,0
8188,0
26340,0
41156,0
9428,0
49183,0
52100,1
51747,0
40657,0
46866,0
59623,0
2543,0
4037,0
14386,1
57343,0
67459,0
64335,0
20843,0
30025,0
14567,0
19512,0
50153,0
62527,0
17659,0
58935,0
66114,0
13401,0
31474,0
73823,0
3609,0
25240,0
17582,0
42290,0
4287,0
49896,0
64925,0
57841,0
22030,0
8909,0
27233,0
25733,0
6333,0
59262,0
61633,0
65282,0
60512,0
68904,0
29895,0
23937,0
38758,0
43668,0
42032,0
76865,0
8423,0
11990,1
56423,0
70567,0
41945,0
10244,0
25436,0
36045,1
4055,0
10880,0
48406,0
16243,0
3340,0
36739,0
63359,0
77066,0
27096,0
68937,0
32975,0
5544,0
42498,0
35097,0
18993,0
33606,0
77631,0
57373,0
55069,0
36344,0
13200,0
46601,0
6942,0
40520,0
74254,0
4987,1
74508,0
17248,0
6858,0
55600,0
10900,0
7890,0
41939,0
19029,0
50018,0
34645,0
14443,0
68331,0
60383,0
47565,0
61296,0
17563,0
35027,0
37498,0
25993,0
29829,0
1155,0
23148,0
46379,1
53339,0
63586,0
24052,0
21953,0
74895,0
6155,0
62351,0
68481,0
55922,0
7910,0
40380,0
23191,0
28611,0
32738,0
57093,0
54255,0
72770,0
53415,0
31838,0
73898,0
41855,0
42568,0
18573,0
21490,0
45966,0
30513,0
13461,0
42861,0
56942,0
1870,0
9147,0
21487,0
76724,0
22376,0
3967,0
77014,0
43590,0
24544,0
9617,0
23322,0
22294,0
70738,0
44520,0
18654,0
65717,0
19622,0
63621,0
68819,0
55967,0
54047,0
24622,0
44460,0
25716,0
22550,0
71476,0
39924,0
72359,0
15776,0
63131,0
39209,0
73459,0
20592,0
27764,0
28696,0
26492,0
52627,0
25964,0
22310,0
35423,0
1150,0
58374,0
77596,0
24170,0
48654,0
11195,1
77454,0
23311,0
37785,0
43155,0
73321,0
32123,0
60514,0
20786,0
48492,0
15798,0
14573,0
7718,0
12342,0
62234,0
70150,0
14989,1
4791,0
36898,0
7237,0
78068,0
60537,0
68056,0
70904,0
54004,0
58317,0
43156,0
29885,0
10929,0
25038,0
69588,0
56694,0
56127,0
59907,0
26298,0
51815,0
49388,0
40743,0
51458,0
27804,0
63747,0
491,0
11425,0
69343,0
46546,0
35244,0
50343,0
9719,0
48368,0
72299,0
37277,0
34079,0
10843,0
9039,0
63851,0
57952,0
77422,0
20209,0
59484,0
27164,0
63960,0
59358,0
71090,0
69005,1
2978,0
50589,0
20300,0
46843,0
46214,0
40254,0
52081,0
40232,0
45991,0
26049,0
16762,0
2744,0
74161,0
71772,0
59834,0
9989,0
34328,0
39879,0
40909,0
77801,0
49398,0
57705,0
23488,0
39649,0
62994,0
2801,0
19888,0
7558,0
69160,0
24858,0
27069,0
43210,0
60437,0
59215,0
66696,0
24945,0
48255,0
57136,0
24576,0
35013,0
70746,0
13077,0
17218,0
65215,0
48786,0
55347,0
17803,0
74982,0
45882,0
71093,0
71281,0
18147,0
45585,0
11917,0
11703,0
65255,0
29508,0
58000,0
22891,0
32941,0
68353,0
76981,0
16866,0
38927,0
19889,0
60481,0
66897,0
36221,0
12076,0
25292,0
16666,0
41413,0
26075,0
18339,0
8561,0
1118,0
44483,0
29134,0
30916,0
59257,0
76460,0
37814,0
6780,0
29406,0
30037,0
38581,0
29761,0
64028,0
6535,0
32443,0
50785,0
68491,0
67593,0
13221,0
56670,0
19998,0
62734,0
57415,0
33548,0
54979,0
12352,0
41359,0
28210,0
8681,0
48155,0
57848,0
26351,0
47855,0
23851,0
52766,0
14823,0
39482,0
46191,0
62787,0
42271,0
40489,0
47014,0
71397,0
32810,0
47884,1
67541,0
10785,0
30372,0
50152,0
43844,0
78293,0
63655,0
10268,0
43249,0
51209,0
47419,0
75359,0
38505,0
50889,0
77532,0
14414,0
42813,0
15258,0
42933,0
11926,0
49767,0
71986,0
43389,0
45179,0
12199,0
37200,0
76074,0
65645,0
59295,0
2956,0
32353,0
62257,0
32198,0
3556,0
24487,0
9920,0
17845,0
3838,0
11460,0
73355,0
76273,0
37982,0
72990,0
8143,0
5206,0
64308,0
42076,0
65628,0
23011,0
23898,0
54720,0
66899,0
56059,0
40066,0
36251,0
18696,0
3139,0
43068,0
67013,0
977,0
56131,0
54882,0
75343,0
69124,0
3415,0
63044,0
7209,0
10773,0
44967,0
11285,0
63678,0
12060,1
54637,0
34556,0
5806,0
57960,0
29022,0
40721,0
7485,0
49432,0
57702,0
46178,0
18022,0
27752,0
61736,1
70969,0
48812,0
46810,0
65569,0
41817,0
45178,0
69402,0
17791,0
2918,0
49363,0
33020,0
53697,0
955,0
65318,0
43451,0
78142,0
4129,0
50204,0
59930,0
52581,0
23331,0
28821,0
71444,0
15814,0
73292,0
70778,0
53713,0
19965,0
33347,0
22009,0
74758,0
27522,0
25655,0
7168,0
75518,0
10446,0
74657,0
56325,0
53688,0
8941,0
13048,0
45583,0
52860,0
29463,0
13103,0
27324,0
10491,0
55109,0
71042,0
5654,0
17246,0
15268,0
41535,0
6378,0
58775,0
49079,0
7143,0
13960,0
237,0
13266,0
16377,0
75369,0
51036,0
21999,0
3837,0
63058,0
21971,0
28373,0
21233,0
2193,0
70782,0
31560,0
9391,0
3769,0
45049,0
67621,0
14776,0
63272,0
74737,1
549,0
33636,0
71165,0
20451,0
72304,0
48685,0
24468,0
20024,0
66459,0
39348,0
70480,0
32235,0
31896,0
30898,0
34185,0
37462,0
73226,0
41052,0
61350,0
42830,0
55039,0
40955,0
6257,0
10129,0
14358,0
47562,0
39681,0
25594,0
74678,0
37756,0
68588,0
76251,0
18927,0
60934,0
77483,0
75563,0
4183,0
71217,0
77747,0
45063,0
18259,0
8081,0
22790,0
55814,0
33865,0
6455,0
61695,0
5716,0
48673,0
62713,0
38863,0
18888,0
72120,0
34157,0
55848,0
41203,0
14679,0
34399,0
23301,0
15243,0
55685,0
73697,0
42328,0
52722,0
23627,0
67155,0
14963,0
65820,0
65866,0
44987,0
42595,0
52441,0
76538,0
45915,0
61375,0
29159,0
26714,0
43194,0
56000,0
69993,0
3307,0
45839,0
75862,0
15368,0
6670,0
61463,0
7341,0
47815,0
37568,0
25845,0
24226,0
39381,0
31175,0
31416,0
76391,0
60234,1
33139,1
18151,0
14339,0
31210,0
1135,0
54278,0
9082,0
77271,0
12813,0
68406,0
66745,0
24206,0
45621,0
6493,0
2662,0
38365,0
45865,0
60145,0
57915,0
4724,1
45929,0
46496,0
44047,0
11716,0
2129,0
22995,0
64258,0
6724,0
11165,0
63107,0
58236,0
37955,1
66759,0
62171,0
686,0
22626,0
20861,0
73003,0
20113,0
14585,0
47448,0
48561,0
39740,0
57520,0
31277,0
37818,0
52588,0
711,0
58475,0
61311,0
53368,0
54269,0
65486,0
24395,0
54692,0
43546,0
50486,0
70856,0
41186,0
41643,0
62431,0
47657,0
59174,0
32103,0
37943,0
55162,0
71910,0
69876,0
29007,1
72280,0
26586,0
5439,0
58325,0
44896,0
26871,0
56173,0
54713,0
30325,0
3518,0
6644,0
23761,0
1363,0
9831,0
24527,1
69016,0
8348,0
27596,0
53989,0
60600,0
43865,0
75416,0
62780,0
54924,0
53769,0
71245,0
10640,0
47713,0
38522,0
74872,0
1031,0
58871,0
36611,0
60813,0
48068,0
49016,0
5845,0
16605,0
41567,0
68586,0
36452,0
8782,0
17849,0
14507,0
1265,0
53939,0
46858,0
8544,0
6706,0
66982,0
4878,0
32185,0
10286,0
73467,0
51662,0
50,0
4249,0
14509,0
59531,0
27162,0
20859,0
4931,0
10613,0
10161,0
1968,0
46841,0
8755,0
7923,0
472,0
1100,0
27219,0
17219,0
46599,0
5985,0
9816,0
45068,0
61072,0
59870,0
14407,0
28803,0
68638,0
60132,0
19578,0
54233,0
1725,0
38607,0
52221,0
63324,0
75624,0
38957,0
62305,0
10512,0
13500,0
29155,0
27490,0
39872,0
74484,0
771,0
32383,0
55533,0
16632,0
19124,0
70218,0
20903,0
49001,0
77163,0
37091,0
64694,0
16693,0
64651,1
23562,0
31043,0
22375,0
17523,0
20134,0
73573,0
72502,0
24211,0
63140,0
22165,0
7368,0
73427,0
57638,0
17438,0
21305,0
14462,0
77156,0
64259,0
53295,0
47915,0
26280,0
29537,0
24914,0
26549,0
30013,0
34502,0
58300,0
43804,0
7427,0
40733,0
55571,0
58088,0
74140,0
10789,0
16826,0
29812,0
62670,0
76645,0
5189,0
7511,0
5739,0
59386,0
66607,0
53437,0
73535,0
25903,0
41978,0
42880,0
23585,0
30116,0
39563,0
29610,0
27436,1
6639,0
68997,0
42233,0
47359,0
69150,0
10055,0
38084,0
23139,0
16920,0
75229,0
74754,0
38437,0
19468,0
25281,0
70444,0
2670,0
5126,0
18239,0
46340,0
2503,0
22268,0
6953,0
48079,0
20890,0
43457,0
63785,0
13363,0
56714,0
6926,0
60377,0
62261,0
59923,0
32457,0
24949,0
69833,0
14171,0
3908,0
68968,0
20450,0
26904,0
13107,0
46443,0
71004,0
6337,0
17023,0
15884,0
47807,0
54719,0
18154,0
73075,0
46705,0
14465,0
13476,0
75699,0
43859,0
72363,0
46226,0
74617,0
25417,0
16779,0
45360,0
60232,0
46140,0
55560,0
26553,0
45584,0
60136,0
36356,0
39873,0
60957,0
1796,0
24546,0
77823,0
2971,0
16783,0
39415,0
5493,0
15474,0
36114,0
78025,0
41624,0
19395,1
65232,0
63738,0
47509,0
31925,0
18113,0
62359,0
30361,0
72403,0
30926,0
16583,0
36375,0
76894,0
57847,0
45268,0
76739,0
4776,0
43593,0
51306,0
73862,0
54303,0
37038,0
40394,0
37507,0
68307,0
54387,0
28311,0
5245,0
75220,0
56155,0
45343,0
66612,0
64660,0
5522,0
40588,0
72922,0
28104,0
40982,0
3749,0
32759,0
73417,0
77860,0
35303,0
38302,0
15784,0
57639,0
44140,0
61853,0
45236,0
4797,0
57753,0
4448,1
37430,0
76159,0
42497,0
48092,1
28585,0
46013,0
9457,0
28039,0
19668,0
36764,0
6340,0
44625,0
37582,0
47191,0
62405,0
70286,0
69348,0
17501,0
26198,0
29903,0
61630,0
65360,0
6235,1
58768,0
59427,0
61133,0
22565,0
23350,0
52367,0
70664,0
60618,0
66326,0
39228,0
17756,0
34647,0
19007,0
61910,0
33320,0
38565,0
60139,0
62573,0
6575,0
12103,0
14106,0
26211,1
19277,0
74285,0
35122,0
27417,0
70390,0
2471,0
66638,0
62601,0
38933,0
58503,0
22234,0
52068,0
3786,0
8004,0
877,0
21838,0
44900,0
7755,0
13075,0
25108,0
56579,0
72620,0
65738,0
71135,0
21178,0
22534,0
67773,0
71369,0
25370,0
57440,0
10754,0
13518,0
52541,0
59417,0
70970,0
50908,0
17751,0
10998,0
44894,0
32257,0
12309,0
37744,0
65994,0
25872,0
12573,0
32015,0
31733,0
41392,0
29,0
25020,0
7450,0
76150,0
36641,0
72652,0
29591,0
9848,0
13575,0
39397,0
4509,0
34767,0
42947,0
29583,0
71122,1
38623,0
40904,0
9052,0
7235,0
19890,0
73550,0
54597,0
48413,0
69099,0
36050,0
3330,1
21875,0
26734,0
9651,0
45608,0
52017,0
58755,0
51640,0
12294,0
50768,0
14734,0
68390,0
14592,0
35688,0
9784,0
5101,1
75284,0
36623,0
60863,0
59081,0
63739,0
65900,0
14323,0
3498,0
42695,0
21364,0
39181,0
44798,0
35151,0
777,0
59364,0
71712,0
36176,0
36153,0
63166,0
5977,0
69965,0
77959,0
67937,0
19322,0
35401,0
21171,0
18032,0
19362,0
9326,0
17541,0
36296,0
9231,0
60612,0
47007,0
73287,0
11273,0
23888,0
1554,0
73141,0
20359,0
17294,0
67706,0
77858,0
69171,0
75919,0
36976,0
53704,0
33824,0
72553,1
32465,0
1243,0
12448,0
2141,0
56109,0
63080,1
64303,0
77658,0
18077,0
59820,0
51871,0
60361,0
39993,0
47870,0
60964,0
12788,0
21860,1
34421,0
46255,0
15670,0
53711,0
60391,0
13978,0
36186,0
5953,0
58737,0
30497,0
10656,0
47037,0
72606,0
43672,0
56979,0
19168,0
43582,0
72382,0
50258,0
9958,0
53276,0
54511,0
26782,0
37772,0
65390,0
22356,0
37205,0
18724,0
22297,0
41779,0
6117,0
15418,0
74357,0
77130,0
25579,0
33236,0
75190,0
42805,0
65644,0
60798,0
33973,0
7967,0
5169,0
33684,0
12974,0
7437,0
68867,0
55029,0
20139,0
64861,0
68119,0
78092,0
33667,0
11475,0
16378,0
27599,0
74777,0
31570,0
50428,0
71179,0
1095,1
8686,0
71380,0
47851,0
7618,0
32592,0
63265,0
71342,0
17415,0
49924,0
49056,0
70966,0
14633,0
71043,0
1815,0
37746,0
65968,0
59628,0
1376,0
73527,0
40916,0
64191,0
11406,0
29157,0
5744,0
49196,0
47250,0
25790,0
4735,0
67275,0
47171,0
2783,0
11397,0
23355,0
56858,0
73418,0
14370,0
59922,0
27711,0
28200,0
36882,0
64859,0
35312,1
12503,0
65981,0
15617,0
13072,0
42133,0
18359,0
73892,0
68678,0
64926,0
76616,0
53397,0
49817,0
72829,0
35037,0
71626,0
11367,0
2105,0
40755,0
637,0
14728,0
32782,0
22824,0
16863,0
23438,0
71037,0
61779,0
69874,0
35704,0
9777,0
67142,0
51016,0
60355,0
27161,0
43983,0
14213,0
12087,0
51145,0
77685,0
2125,0
57531,0
30329,0
11761,0
53414,0
28969,0
63168,0
38020,0
33592,0
4826,0
18155,0
50975,0
37083,0
10350,0
10950,0
18885,0
75987,0
27877,0
13928,0
25381,0
8934,0
10398,0
27901,0
64891,0
65844,0
77626,0
40189,0
49550,0
35960,0
28342,0
18026,0
21485,0
40763,0
54101,0
63479,0
8882,0
25104,0
19920,0
19361,0
17755,0
4377,0
52964,0
16635,0
21292,0
3681,0
64348,0
28531,0
41678,0
17198,0
37005,0
17701,0
7094,0
62691,0
34062,0
27531,0
71686,0
51293,0
2547,0
56884,0
58048,0
63745,0
31677,0
71492,0
34177,0
55597,0
65441,0
21986,0
68855,0
26474,0
4093,0
69840,0
24538,0
70260,0
12373,0
12670,0
68188,0
11927,0
63132,0
33564,0
13374,0
57662,0
59446,0
11638,0
41853,0
14221,0
13474,0
75365,0
5864,0
78279,0
1329,0
32080,0
54545,0
43263,0
6551,0
62965,0
32094,0
62484,0
56730,0
30897,0
3128,0
57438,0
3636,0
64051,0
70697,0
76808,0
18533,0
12286,0
39071,0
59718,0
5433,0
73097,0
27004,0
77073,0
8604,0
14359,0
75983,0
27354,0
68782,0
58821,0
23977,1
66355,0
8314,0
54553,1
72626,0
28963,0
3433,0
68323,0
2127,0
70918,0
1312,0
25648,0
66793,0
3088,0
65305,0
13871,1
18431,0
60206,0
51472,0
31437,0
8157,0
49423,0
54505,0
69643,0
5358,0
13592,0
3134,0
64957,0
60347,0
49060,0
7425,0
12560,0
52848,0
1951,0
67059,0
15147,0
75403,0
77344,0
58279,0
732,0
42548,0
42850,0
7500,0
56665,1
74252,0
52177,0
66128,0
6674,0
583,0
65355,0
35325,0
6180,0
42741,0
24769,0
12102,0
69115,0
51762,0
19246,0
26568,0
28167,0
48122,0
22064,0
3644,0
29420,0
72747,0
70354,0
53994,0
7752,0
52839,0
53485,0
14435,0
53241,0
36423,0
48301,0
40408,0
56331,0
74677,0
63374,0
55525,0
43782,0
46021,0
1146,0
19595,0
67320,0
65783,0
28954,0
7696,0
49384,0
51441,0
6197,0
75055,0
40444,0
67113,0
49623,0
41034,0
62615,0
31335,0
56271,0
42749,0
5305,0
9154,0
28557,0
37219,0
56657,0
65635,0
42341,0
38951,0
76232,0
3487,0
49433,0
25183,0
51474,0
3665,0
9432,0
73371,0
75949,0
22564,0
29554,0
77291,0
4346,0
55108,0
50275,0
1786,0
1410,0
22997,0
46416,0
3590,0
56374,0
7624,0
52788,0
12144,0
15944,0
21246,0
74013,0
35822,0
8894,0
10907,0
56715,0
32107,0
43199,0
73336,0
74547,0
5930,0
8862,0
7075,0
68209,0
51991,0
46921,0
19879,0
39163,0
69223,0
25784,0
53161,0
1846,0
61444,1
50604,0
19714,0
48402,0
39065,0
34039,0
330,0
74364,0
31766,0
32804,0
10943,0
55071,0
71711,0
24484,0
3875,0
64785,0
29995,0
67217,0
7109,0
45985,0
39297,0
70683,0
64017,0
64326,0
62666,0
29853,0
58103,0
8230,0
41139,0
7894,0
3623,0
48196,0
61310,0
67762,0
31194,1
28430,0
61419,0
52660,0
74389,0
59944,0
67283,0
3295,0
73677,0
7979,0
9076,1
7503,0
35345,0
77365,0
57338,0
42366,0
33312,0
544,0
32880,0
23155,0
7473,0
23149,0
11240,0
41683,0
6298,0
42093,0
56069,0
64982,0
55490,0
18256,0
57923,0
64934,0
6928,0
27540,0
36740,0
47948,0
47912,0
33913,0
32514,0
7581,0
75018,0
44621,0
9291,0
41302,0
61787,0
49752,0
61325,0
15428,0
74549,0
76847,0
36850,0
45219,0
68380,0
18722,0
10837,0
63241,0
76971,0
77774,0
707,0
61297,0
53033,0
75101,0
58231,0
47225,0
27196,0
18582,0
30242,0
40338,0
67893,0
8563,0
3714,0
7770,0
46670,0
24,0
10738,0
17763,0
53014,0
68423,0
76989,0
47856,0
62845,0
49726,0
3469,0
61724,0
76344,0
2159,0
56907,0
17747,0
12050,0
13480,0
65487,0
37927,0
10472,1
61593,0
33467,0
20710,0
74878,0
40487,0
48003,1
10337,0
66896,0
60495,0
52639,0
31163,0
15430,0
3754,0
33225,0
44929,0
72035,0
75448,0
46989,0
26592,0
6700,0
18021,0
77813,0
55688,0
42655,0
31831,0
267,0
28631,0
74611,0
31762,0
37157,0
44539,0
12108,0
67279,0
42718,0
61881,0
52680,0
39411,0
78209,0
28517,0
72267,0
24311,0
4787,0
20566,1
57908,0
49887,0
24434,0
35434,0
61971,0
76329,0
50400,0
4449,0
10659,0
50269,1
39244,0
12730,0
45257,0
67224,0
31854,0
53142,0
62157,0
60066,1
17186,0
1618,0
62968,0
5914,0
16312,0
6387,0
52202,0
22467,0
72449,0
17241,0
65964,0
53800,0
58272,0
39883,0
45109,0
34433,0
37993,0
20671,0
232,0
696,0
38257,0
75779,0
73583,0
6112,0
51099,0
16960,0
55244,0
48398,0
76802,0
37422,0
5380,0
31187,0
69657,0
5770,0
77945,0
1911,0
23721,0
60287,0
74089,0
61934,0
70277,0
47552,0
14089,0
75979,0
54729,0
41167,0
43552,0
28427,0
3070,0
41341,0
41049,0
36346,1
38633,0
18233,0
50075,0
373,0
59843,0
46540,0
75327,0
54495,0
33261,0
6012,0
55418,0
34417,0
40581,0
29038,0
62015,0
68839,0
40997,0
3698,0
26358,0
17269,0
22138,0
36803,0
67066,0
34620,0
40638,0
68358,0
10443,0
53469,0
12233,0
8579,0
44153,0
63839,0
73166,0
1516,0
18537,0
56922,0
21004,0
61104,0
14254,0
32028,0
73939,0
7791,0
6850,0
22117,0
17192,0
58856,0
23575,0
48617,0
36674,0
29149,0
62299,0
65352,0
16062,0
17599,0
62510,0
6613,0
24043,0
45853,0
5205,0
33028,0
11100,0
64642,0
4416,0
7116,0
59434,0
41940,0
5875,0
76976,0
43822,0
32108,0
66836,0
802,0
1756,0
21473,0
43913,0
73652,0
41074,0
21621,0
13093,0
26982,0
49293,0
68980,0
60833,0
62550,0
36581,0
69315,0
3087,1
54494,0
68344,0
3800,0
11680,0
74451,0
43103,0
374,0
29302,0
34670,0
14056,0
62144,0
47154,0
9637,0
71512,0
20280,0
68014,0
16655,0
52093,0
38115,1
52702,0
57059,0
60395,0
45315,0
24059,0
33891,0
53508,0
42827,0
39403,0
69779,0
49612,0
5815,0
25496,0
76859,0
9514,0
58921,0
36173,0
78264,0
59825,0
3626,0
62378,0
75938,0
34533,0
77439,0
51753,0
18873,0
29031,0
40143,0
50464,0
72560,0
57130,0
19717,0
59650,0
36444,0
3860,0
69474,0
42062,0
77712,0
15346,0
62126,0
45877,0
71101,0
40065,0
7004,0
72044,0
49399,0
34293,0
26367,0
72658,0
44509,0
40390,0
8437,0
29830,0
2712,0
65120,0
1335,0
30977,0
65440,0
44793,0
67106,0
63396,0
32669,0
24294,0
72957,1
59971,0
25573,0
64269,0
40574,0
19036,0
57950,0
56681,0
2924,0
73285,0
45182,0
9584,0
8231,0
19433,0
25891,0
46641,0
56418,0
31162,0
77049,0
57768,0
76860,0
2406,0
15188,0
44600,0
65842,0
28027,0
21923,0
74352,0
59906,0
36405,0
4286,0
10379,0
24892,0
49114,0
19486,0
75836,0
51535,0
31213,0
65776,0
32518,0
25471,0
22256,0
611,0
65498,0
39761,0
194,0
53620,0
56065,0
48721,0
67596,0
66392,0
34842,0
16124,0
26554,0
67540,0
65782,0
43592,0
6282,0
49272,0
64729,0
66808,0
57348,0
52945,0
18983,0
12323,0
48201,0
60324,0
28245,0
78164,0
25542,0
72683,0
62478,0
68703,0
68438,0
11401,0
738,0
10589,0
73494,0
30112,0
27560,0
53132,0
51942,0
30481,0
72527,0
70252,0
42080,0
42866,0
52783,0
2943,0
30703,1
12098,0
53950,0
5113,0
15200,0
56388,0
48979,0
2181,0
47420,0
27322,0
24597,0
76752,0
46699,0
39824,0
49841,0
54363,0
54772,0
61340,0
2142,0
22319,0
31850,0
42804,0
52277,0
49835,0
41731,0
49130,0
16101,0
33772,0
19310,0
67094,0
24307,0
41699,0
51003,0
42917,0
49220,0
3992,0
54679,0
60114,0
3954,0
31926,0
72194,0
33701,0
5328,0
41700,0
74428,0
63165,0
18025,0
10790,1
53651,0
56293,0
6463,0
65376,0
7594,0
5092,0
72870,0
33142,0
16111,0
75980,0
18687,0
76066,0
24985,0
31923,1
23973,0
52217,0
65455,0
62361,0
5996,0
19281,0
38568,0
54192,0
57239,0
73858,0
64573,0
49584,0
48151,0
35590,0
68854,0
52699,0
4152,0
11306,0
61658,0
51597,0
66572,0
57216,0
62987,0
71450,0
47666,0
8892,0
27474,0
10047,0
33276,0
61357,0
4699,0
25632,0
21116,0
72920,0
48066,1
57175,0
31108,0
77831,0
32579,0
65433,0
52853,0
39652,0
22069,0
14322,0
62970,0
68297,0
71192,0
12375,0
15455,1
60496,0
44740,0
73564,0
45775,0
29972,0
71139,0
41619,0
61320,0
55098,0
55382,0
12434,0
16682,0
22454,0
31157,0
75259,0
4968,0
76075,0
4851,0
30774,0
22377,0
11461,0
27641,0
6753,0
19904,0
72892,0
29558,0
25484,0
55798,0
27451,0
10788,0
75471,0
51545,0
41336,0
9296,0
77753,0
50070,0
11777,0
40016,0
49075,0
57647,0
25621,0
38732,0
35808,0
63833,0
34494,0
57092,0
42083,1
39405,0
24775,0
70835,0
35951,0
69069,0
71169,0
60270,0
27209,0
62071,0
12634,0
61044,0
26435,0
9108,0
47864,0
21328,0
46420,0
69618,0
59320,0
49238,0
45577,0
71081,0
64959,0
45595,0
3351,0
14552,0
39501,0
67131,0
26793,0
68692,0
947,0
24558,0
75737,0
41767,0
75052,0
43820,0
64626,0
33504,0
21321,0
40591,0
14454,0
51169,0
41207,0
61158,0
72229,0
68766,0
17162,0
27840,0
69879,0
61605,0
48487,0
61963,0
20416,0
69869,0
5031,0
30,0
838,0
49755,0
15092,0
77537,0
16086,0
1834,0
55962,0
62978,0
43569,0
53780,0
5848,0
19069,0
26892,0
13247,0
56760,0
17173,0
77495,0
8463,0
55328,1
36225,0
41072,0
45283,0
26929,0
64217,0
10910,0
48746,0
10431,0
75431,0
61933,0
7780,0
32154,0
56563,0
60645,0
43611,0
51328,0
49083,0
64507,0
4177,0
15572,0
40371,0
56044,0
9171,0
54788,0
11629,0
23879,0
72653,0
57037,0
10029,0
46835,0
67965,0
38892,0
52284,0
5509,0
38387,0
12319,0
30748,0
10232,0
1853,0
62711,0
39241,0
33468,0
21873,0
67451,0
30312,0
27492,0
39934,0
12765,0
44807,0
55380,0
36418,0
54113,0
10305,0
54325,0
73346,0
15725,0
41593,0
73374,0
62700,0
71215,0
29990,0
6777,0
62539,0
32074,0
2846,0
3302,0
57414,0
1530,0
54344,0
19235,0
45117,0
10351,0
28360,0
31080,0
7637,0
58006,0
63235,0
1105,0
13421,0
78031,0
18485,0
45508,0
62454,0
10363,0
74422,0
4270,0
53648,0
63191,0
30820,0
26979,0
10783,0
57337,1
2601,0
61298,0
6036,0
30537,0
70553,0
18605,0
72478,0
19848,0
67282,0
36903,0
37886,0
75395,0
44400,0
8335,0
40292,0
23863,0
6248,0
13754,0
12427,0
29707,0
35069,0
18468,0
44368,0
22085,0
64482,0
51609,0
34325,0
7496,0
62609,0
2324,0
20149,0
12046,0
73424,0
47257,0
63519,0
34016,0
16848,0
12013,0
10877,0
44126,0
6661,0
17623,0
31430,0
44664,0
2982,0
22043,0
46189,0
50323,0
20750,0
26833,0
60836,0
60098,0
68028,0
16456,0
70655,0
48440,0
51289,0
43288,0
59156,0
2500,0
64127,0
18030,0
34691,0
12241,0
1953,0
40251,0
54289,0
8376,0
32560,0
74156,0
37936,0
8854,0
44829,1
10941,0
63346,0
48924,0
39275,0
67536,0
60302,0
72484,0
53570,0
17121,0
43422,0
30683,0
50586,0
30201,0
886,0
57267,0
72987,0
43448,0
29820,0
62790,0
4777,0
61069,0
39030,0
19718,0
15079,0
26093,0
54963,0
70648,0
14629,0
21080,0
16896,0
42502,0
24947,0
2374,0
72031,0
875,0
37971,0
366,0
36196,0
24699,0
76052,0
30601,0
60458,0
74711,0
25942,0
15635,0
3628,0
39509,0
40552,0
74142,0
63319,0
9297,1
75886,0
29089,0
57171,0
57796,0
23677,0
10321,0
37917,0
74337,0
7699,0
72381,0
12748,0
25374,0
7931,0
45345,0
41184,0
3599,0
47757,0
40980,0
4767,0
44392,0
43407,0
72169,0
75417,0
54212,0
36397,0
57929,0
17035,0
23122,0
71334,0
34634,0
48367,0
33638,0
17646,0
4903,0
13522,0
14935,0
8135,0
61078,0
40291,0
66145,0
67104,0
4374,0
72102,0
41616,0
56235,0
22989,0
45760,0
5415,0
27831,0
41103,0
52562,0
73242,0
38697,0
70128,0
23770,0
26190,0
64802,0
64362,0
21882,0
29739,0
2501,0
23442,0
51759,0
4519,0
59433,0
41871,0
11249,0
59280,0
827,0
42605,0
69975,0
18050,0
36018,0
66428,0
57675,0
41,0
61839,0
25731,0
24664,0
38190,0
63465,0
29144,0
40092,0
28028,0
840,0
77192,0
8702,0
29244,0
45983,0
56036,0
47011,0
39825,0
69135,0
24957,0
8818,0
35254,0
25393,0
10262,0
51780,0
9776,0
51212,0
32832,0
34342,0
41345,0
25090,0
53883,0
16427,0
16968,0
48276,0
60241,0
56071,0
3344,0
27828,0
71277,0
20698,0
915,0
74126,0
77490,0
17090,0
41028,0
25539,0
43031,0
17200,0
51700,0
50447,0
21342,0
4195,0
38023,0
37068,0
10352,0
33903,0
23671,0
46656,0
12627,0
71843,0
31378,0
5602,0
23634,0
10490,0
37458,0
45399,1
35255,0
13631,0
21371,0
20352,0
20262,1
41909,0
31005,0
69,0
182,0
56786,0
53430,0
46600,0
51785,0
27621,0
60906,0
56082,0
10846,0
33231,0
60582,0
70929,0
7402,0
4943,0
10643,0
71721,0
36426,0
22245,0
53106,0
50554,0
54409,0
70868,0
67313,0
58378,0
47783,0
71558,0
57148,0
54329,0
17138,0
43846,0
19360,0
68587,0
12794,0
7544,0
31453,0
17507,0
56327,0
54274,0
23910,0
22900,0
49808,0
66341,0
62105,0
6959,0
12282,0
74327,0
16784,1
29041,0
9373,0
14772,0
45466,0
22246,0
59866,0
60384,0
10229,0
60119,0
39215,0
44998,0
70820,0
41378,0
43032,0
8036,0
38083,0
26934,0
15062,0
53316,0
40686,0
69035,0
18726,0
76467,0
37457,0
12264,0
18767,0
61732,0
19979,0
66990,0
42875,0
6673,0
11332,0
71392,0
70163,0
75146,0
63202,0
74659,0
64118,0
20950,0
4989,0
18601,0
22483,0
174,0
24424,0
3527,0
34178,0
1314,0
72262,0
55391,0
57053,0
63157,0
17624,0
73152,0
63975,0
54741,1
17271,0
30136,0
36867,0
52015,1
33792,0
14580,0
63529,0
26058,0
69942,0
58310,0
19798,0
41894,0
12736,0
66993,0
39735,0
12182,0
26288,0
61777,0
15660,0
30113,0
48145,0
53074,0
30758,0
59807,0
45975,0
41681,0
68533,1
74674,0
16054,0
69583,0
73774,0
68108,0
74375,0
29397,0
52383,0
73239,0
71627,0
4718,0
31696,0
41452,0
29723,0
46818,0
2300,0
53786,0
15461,0
25275,0
36815,0
8580,0
8836,0
54429,0
6140,0
59470,0
16814,0
18085,0
35406,0
63055,0
22463,0
71238,0
30608,0
70563,0
15233,0
58740,0
72246,0
54645,0
25273,1
64916,0
13330,0
45786,0
47770,0
23737,0
26235,0
29703,0
50778,0
22485,0
35713,0
32166,0
66634,0
15019,0
31537,0
53867,0
40045,0
35613,0
50657,0
57159,0
75372,0
64391,0
1780,0
17322,0
36517,0
1503,0
4675,0
62417,0
68055,0
61372,0
9426,0
50409,0
60005,0
1331,0
43817,0
62390,0
74415,0
68606,0
7969,0
45520,0
20387,0
50033,0
40815,0
5919,0
49458,0
35886,0
30563,0
57464,0
13262,0
11861,0
21766,0
13998,0
66318,0
49477,0
52417,0
38611,0
52805,0
15222,0
62556,0
59003,0
55289,0
77775,0
24820,0
5648,0
72186,0
76998,0
68032,0
26080,0
17989,0
39970,0
3959,0
12068,0
48677,0
32051,0
78145,0
2223,0
8637,0
66209,0
9223,0
68021,0
18686,0
45768,0
3863,1
57889,0
26231,0
3140,0
34388,0
73119,0
10241,0
15691,0
49447,0
29613,0
5802,0
69566,1
70932,0
24727,0
2156,0
58631,0
29773,0
10040,0
19672,0
61221,0
23561,0
54441,0
21140,0
16676,0
56973,0
10828,0
6954,0
33521,0
15089,0
20230,0
12195,0
10646,0
30544,0
73486,0
60033,0
21170,0
17104,0
7584,0
764,0
29351,0
25956,0
71348,1
78089,0
65682,0
26022,0
28454,0
15179,0
49739,0
51715,0
44128,0
60827,0
27100,0
53449,0
11050,0
37933,0
25,0
53123,0
28138,0
30874,0
68618,0
29647,0
33773,0
55056,0
5538,0
50834,0
9562,0
49585,0
66,0
34874,0
20138,0
58164,0
3037,0
30903,0
19661,0
15280,0
4512,0
12673,0
29273,0
18265,0
44165,0
4698,0
77841,0
64530,0
33610,0
60912,0
34682,0
20433,0
11820,0
50112,0
30760,0
30238,0
60777,0
1546,0
75995,0
2140,0
19407,0
33397,0
26020,0
60930,0
69344,0
18850,0
70012,0
41712,0
76643,0
52549,0
24833,0
46899,0
73415,0
70417,0
70988,0
53659,0
28733,0
178,0
49046,0
28716,0
61979,0
61570,0
37144,0
63377,0
62199,0
36752,0
68235,0
73792,0
36846,0
30528,0
22361,0
64372,0
15001,0
59701,0
60046,0
7254,0
13725,0
893,0
6677,0
56064,0
16906,0
17336,0
35322,0
31380,0
48531,0
45421,0
57936,0
12333,1
68121,1
48351,0
19169,0
32825,0
72467,0
48944,0
49314,0
956,0
38385,0
53013,0
63128,1
7527,0
15623,0
43637,0
2190,0
27231,0
48891,0
30434,0
27773,0
4800,0
67037,0
9906,0
24171,0
36996,0
26453,0
38836,0
72864,0
13676,0
64380,0
38665,0
75904,0
72460,0
39255,0
51881,0
4103,0
9590,1
6031,0
66005,0
19305,0
18690,0
54243,0
37089,0
31862,0
65608,0
27245,0
30784,0
1666,0
55033,0
26345,0
9941,0
14615,0
70583,0
21522,0
46574,0
67337,0
8739,0
49365,0
34024,0
60589,0
34020,0
45926,0
21174,0
68374,0
26511,0
1697,0
54945,0
33546,0
73162,0
31562,0
57834,0
45299,0
31769,0
62023,0
51495,0
39350,0
40550,0
40332,0
17671,0
39667,0
9854,0
58634,0
44823,0
55950,0
11810,0
58256,0
71161,0
34273,0
25848,0
61704,1
27028,0
8951,0
10834,0
35868,0
71877,0
26488,0
36026,0
37396,0
72205,0
16302,0
40494,0
74613,0
60901,0
49879,0
35117,0
65038,0
57340,0
48668,0
13486,0
11849,0
59705,0
51134,0
18336,0
51187,0
60289,0
46853,0
44274,1
37781,0
8033,0
76665,0
71489,0
57430,0
31263,0
42535,0
22770,0
4107,0
43177,0
7963,0
13094,0
16617,1
73641,0
18728,0
63477,0
60429,0
11216,0
31323,0
25238,0
70510,0
47534,0
61486,1
31892,0
41374,0
71553,0
60621,0
34422,0
31093,0
2069,0
6092,0
59786,0
5104,0
74658,0
9437,0
57153,0
29455,0
60285,0
57696,0
23206,0
65131,0
16777,0
12089,0
11429,0
37800,0
6156,0
21083,0
68906,0
981,0
4121,0
72309,0
43764,0
50483,0
55729,0
42965,0
53420,0
29789,0
32175,0
49397,0
30571,0
14314,0
8039,0
63007,0
8869,0
46202,0
31297,0
24131,0
36806,0
65076,0
28680,0
75988,0
7683,0
65457,0
75549,0
24599,0
67475,0
66502,0
27552,0
59526,0
18782,0
46,0
65533,0
55118,0
15605,0
19314,0
77516,0
9406,0
36595,0
7177,0
47731,0
70802,0
68697,0
3568,0
31557,0
53910,0
75120,0
67576,0
50187,0
12374,0
27609,0
19697,0
38533,0
2106,0
25660,0
38869,0
23606,0
7381,0
12779,0
1512,0
21435,0
5754,0
9580,0
32662,0
58808,0
28358,0
71774,0
70157,0
63998,0
50005,0
52453,0
36112,0
7063,0
44795,0
24182,0
24340,0
64751,0
34141,0
36476,0
23697,0
56497,0
19410,0
48541,0
44374,0
76935,0
24719,0
3785,0
20311,0
23086,0
43623,0
35154,0
14547,0
20206,0
60991,0
63646,0
53042,0
1332,0
66957,0
14086,0
65105,0
68369,0
2043,0
15196,0
50898,0
73302,0
55485,0
29602,0
16677,0
34579,0
53053,0
77642,0
41786,0
29491,0
48618,0
58843,0
71462,0
34602,0
53209,0
3531,0
33524,0
2378,0
12865,0
69078,0
44492,0
64311,0
54440,0
20332,0
6508,0
48215,0
60345,0
9949,0
4003,0
22000,0
34680,1
66408,0
26824,0
74404,0
873,0
59432,0
46273,0
52892,0
31458,0
27682,0
836,0
77308,0
28928,0
69502,0
41790,0
23696,0
39919,0
22022,0
54031,0
52173,0
13353,0
61395,0
57395,0
38531,0
56161,0
34795,0
38727,0
62313,0
53951,0
19908,0
19397,0
61111,0
60547,0
60633,0
29842,0
44166,0
70873,0
22930,0
65473,0
54575,0
63190,0
28004,0
24460,0
1895,0
72531,0
69813,0
56341,0
55368,0
47797,0
15120,0
65308,0
66119,0
42670,0
32784,0
9404,0
40311,0
6056,0
21830,0
58381,0
8462,0
45162,0
56803,0
19357,0
22536,0
26476,0
62902,0
46112,0
2919,0
63979,0
64151,0
55733,0
9588,0
72985,0
25298,0
69204,0
70852,0
11509,0
17234,0
72722,0
70924,0
70931,0
64203,0
51588,0
36001,0
48767,0
21504,0
71223,0
36891,0
51184,0
44428,0
9782,0
31336,0
38112,0
74316,0
58902,0
9180,0
30499,0
22367,1
48244,0
69699,0
31278,0
30262,0
52183,0
987,0
52811,0
38122,0
65374,0
62334,0
30289,0
58827,0
8939,0
54889,0
30786,0
72260,0
57021,0
9026,0
23381,0
11101,0
16867,0
11004,0
55640,0
74866,0
950,0
17081,0
37802,0
32056,0
47848,0
7230,0
69738,0
74578,0
76773,0
19637,0
30467,0
38762,0
60303,0
73313,0
17242,0
39037,0
58971,0
65775,0
44658,0
36353,0
9741,0
5474,0
13393,0
31514,0
4886,0
52842,0
44843,0
61692,1
10245,0
21965,0
70537,0
64780,0
16641,0
49838,0
10667,0
8453,0
31417,0
44530,0
63159,0
3614,0
21448,0
27542,0
77591,0
46674,0
60517,0
41121,0
22713,0
10074,0
12679,0
63609,0
64558,0
103,0
2631,0
61734,0
44643,0
72237,0
68351,0
23902,0
48097,0
26087,0
22763,0
57089,0
7431,0
44909,0
5116,0
39154,0
57127,0
32441,0
32640,0
64766,0
77950,0
33461,0
33184,0
31038,0
70779,0
2861,0
51085,0
26362,0
43965,0
10480,0
38542,0
21554,0
23870,0
45642,0
13863,0
61188,0
21958,0
25698,0
47597,0
52592,0
72209,0
18817,0
20530,0
40294,0
11727,0
64251,0
10892,0
8690,0
57879,0
39456,0
10608,1
68126,0
12139,0
23595,0
25714,0
41451,0
74242,0
32326,0
26064,0
49832,1
5208,0
63488,0
33856,0
72399,0
8527,0
47938,0
54130,0
49435,0
30616,0
73345,0
57174,0
73931,0
67940,0
19466,0
76804,0
23789,0
14983,0
44613,0
13019,0
54688,0
63428,0
27906,0
25909,0
71607,0
10830,0
47729,0
33533,0
2781,1
5356,0
60809,0
54197,0
55641,0
43863,0
44465,0
29117,0
48621,0
40025,0
64132,0
29049,0
26591,0
12335,0
26754,0
40730,0
30281,0
51459,0
2139,0
24787,0
75102,0
38748,0
10814,0
18716,0
74804,0
65153,0
60476,0
72431,0
55025,0
60540,0
23236,0
10030,0
19621,0
14236,0
72261,0
28093,0
39927,0
66780,0
9787,0
27762,0
45659,0
6147,0
34534,0
13790,0
67807,0
74831,0
60073,0
70871,0
45348,0
8967,0
41046,0
52038,0
16904,0
18089,0
47891,0
11420,0
5984,0
69640,0
25670,0
37290,0
27396,0
38550,0
61612,0
71182,0
70402,0
41887,0
61907,0
8058,0
23600,0
46994,0
46786,0
38891,0
52723,0
4228,0
23462,0
39455,0
11652,0
59288,0
18877,0
35857,0
69626,0
63821,0
6397,0
23961,0
76170,0
20581,0
69650,0
62758,0
32637,0
10968,0
47488,0
27674,0
1494,0
71617,0
19469,0
64923,0
65420,0
58733,0
49210,0
36560,0
47952,0
55282,0
8533,0
30595,0
45037,0
2000,0
59096,0
22283,0
53422,0
73422,0
5905,0
51935,0
16925,0
41804,0
67725,0
32425,0
74468,0
67434,0
32630,0
24462,0
69995,0
60945,0
44608,0
61914,0
68019,0
14854,0
15757,0
70857,0
38130,0
37663,0
19271,0
51162,0
51530,0
11922,0
52034,0
13550,0
37954,0
19294,0
8325,0
69524,0
30805,0
12022,0
38479,0
33477,0
7627,0
56178,0
951,0
13467,0
77254,0
66905,0
77244,0
28465,0
39477,0
29293,0
27329,0
76177,0
77843,0
46625,0
14759,0
21732,0
4263,0
51087,0
24159,0
36901,0
11859,0
38061,0
55614,0
40610,0
41198,0
30771,0
24859,0
50253,0
27487,0
25702,0
52387,0
49889,0
65720,0
78256,0
71219,0
35250,0
19371,0
53802,0
45868,0
30711,0
1463,0
45707,0
1182,0
67123,0
35310,0
40357,0
7559,0
7707,0
57199,0
75608,0
11752,0
27000,0
3920,0
77652,0
14570,0
63114,0
71727,0
51388,0
35101,0
74261,0
43444,0
36513,0
59867,0
1172,0
19789,0
69795,0
40245,1
70066,0
33168,0
52746,0
18920,0
42999,0
18132,0
23520,0
33556,0
25522,0
65535,0
74565,0
73683,0
70483,0
48808,0
53746,0
27256,0
7841,0
49551,0
77446,0
69475,0
23652,0
22965,0
16791,0
58953,0
58086,0
13423,0
35851,0
23218,0
67870,0
35544,0
75698,0
2962,0
27955,0
8225,0
4908,0
3839,0
64869,0
66912,0
16628,0
33669,0
14485,0
1639,0
45618,0
32752,0
24321,0
25447,0
68283,0
41338,0
11825,0
56395,1
1660,0
5121,0
21900,0
53269,0
43939,0
19381,0
2426,0
47161,0
3932,0
44160,0
70442,0
75798,0
25696,0
14790,0
46492,0
2587,0
8149,0
61145,0
12245,0
73387,0
57215,0
48833,0
50639,0
12393,0
19802,0
38507,0
28087,0
39285,0
43661,0
46738,0
49002,0
18061,0
72468,0
75438,0
28392,0
18105,0
7057,0
51868,0
60249,0
22704,0
5411,0
21518,0
3423,0
65918,0
77211,0
14541,0
3209,0
666,0
2903,0
42931,0
63540,0
15901,0
29050,0
4066,0
14700,0
49425,0
74361,0
12643,0
24036,0
18733,0
58637,0
14885,0
31358,0
15597,1
39377,0
13011,0
47006,0
58013,0
60767,0
76078,0
61875,0
73785,0
53557,0
41464,0
74781,0
4341,0
69458,0
66723,0
18780,0
34223,0
16692,0
74443,0
16489,0
41727,0
1498,0
60379,0
2422,0
37171,0
31454,0
48453,0
28780,0
9369,0
7297,0
10764,0
22083,0
67644,0
66290,0
20064,0
49922,0
46745,0
69042,0
54612,0
58154,0
20738,0
36987,0
30822,0
54178,0
39752,0
66279,0
29194,0
76308,0
26725,0
19016,0
33974,0
43825,0
13175,0
54176,0
16504,0
72198,0
47937,0
25008,0
23382,0
2514,0
25009,0
8645,0
29566,1
38809,0
25757,0
2798,0
73153,0
78205,0
35554,0
30449,0
71471,0
23376,0
22476,0
24944,0
60671,0
69599,0
3021,0
37475,0
65965,0
13357,0
47125,0
32176,0
43267,0
61990,0
37556,0
23220,0
45849,0
32646,0
39080,0
76790,0
46987,0
45813,0
56620,0
56779,0
77157,0
77737,0
72140,0
49693,0
68426,0
50636,0
52470,0
42465,0
45122,0
59507,0
32765,0
21726,0
49684,0
20062,1
59190,0
3784,0
77462,0
2803,0
31403,0
19594,0
11121,0
3758,0
44639,0
32462,0
27899,0
575,0
29946,0
35923,0
430,0
33164,0
64079,0
36631,0
34316,0
50929,0
1302,0
49963,1
19268,0
17421,0
51565,0
2757,0
2604,0
852,0
3151,0
55227,0
66807,0
7039,0
64971,0
22556,0
22079,0
64302,0
59472,0
43373,0
61568,0
19506,0
17156,0
28174,0
13590,0
58533,0
7853,0
52379,0
19846,0
55684,0
48548,0
76136,0
48937,0
74305,0
67557,0
26715,0
20953,0
36756,0
52475,0
17108,0
67408,0
51652,0
31132,0
55256,0
52937,0
26687,0
57320,0
44134,0
17330,0
56260,0
20477,0
21000,0
48283,0
29832,0
68501,0
45973,0
77054,0
72011,0
21089,0
57045,0
75790,0
67612,0
29445,0
37653,0
69863,0
63687,0
38247,0
21950,0
9788,0
44255,1
2593,0
19005,0
12281,0
14712,0
33246,0
25532,0
18595,0
19828,0
18067,0
21879,0
63094,0
29403,0
22480,0
76649,0
72681,0
16625,0
40992,0
48585,1
41347,0
20380,0
38605,0
34262,0
63507,0
60160,0
23192,0
67668,0
30200,0
11071,0
65224,0
8303,0
24020,0
48356,0
5250,0
75982,0
60525,0
12948,0
73886,0
46455,0
14656,0
12666,0
71375,0
8796,0
15198,0
36028,0
65606,0
76488,0
43518,0
46006,0
561,0
61312,0
4101,0
7395,1
72173,0
39342,0
14796,0
70118,0
35852,0
33169,0
41587,0
67743,0
47032,0
55191,0
73363,0
68814,0
63954,0
3327,0
62117,0
64284,0
7387,0
36049,0
19211,0
75897,0
8156,0
36193,0
43375,0
16485,0
3564,0
47661,0
54894,0
70253,0
52874,0
57622,0
49629,0
24407,0
20580,0
2652,0
11321,0
11984,0
22774,1
63277,0
14249,0
53203,0
52970,0
23975,0
77999,0
2179,0
14384,1
364,0
68941,0
11873,0
37516,0
4473,0
12403,0
39168,1
76542,0
21620,1
37487,0
5498,0
14876,0
62219,0
16558,0
10775,0
23367,0
74286,0
17373,0
67035,0
75301,0
34213,0
54860,0
47579,0
58028,0
21826,0
62170,0
29560,0
36439,0
52553,0
45119,0
50347,0
58171,0
21992,0
69062,0
47385,0
2009,0
60996,0
56856,0
37841,0
14829,0
17100,0
24051,0
32496,0
2206,0
33481,0
41102,0
39416,1
40230,1
63871,0
4702,0
15998,0
11334,0
16831,0
10340,0
78249,0
39221,0
5776,0
65740,0
13269,0
18139,0
21987,0
29909,0
42921,0
42385,0
52459,0
13299,0
40629,0
13563,0
74030,0
70834,0
22141,0
9400,0
18017,0
63047,0
46682,0
72131,0
64696,0
66064,0
30967,0
70078,0
35277,0
35290,0
15482,0
49106,0
48470,0
24583,0
76405,0
41253,0
49792,0
1245,0
55509,0
44306,0
33658,0
226,0
71377,0
52134,1
41608,0
34563,0
73356,0
16262,0
22612,0
71657,0
61887,0
42841,0
19129,0
35360,0
28837,0
20989,0
28012,0
39778,0
59214,0
50511,0
15821,0
58206,0
38378,0
53586,0
67486,0
77666,0
21962,0
48516,0
58367,0
41137,0
77994,0
46297,0
52434,0
32082,0
2450,0
48855,0
26951,0
64342,0
30316,0
72192,0
13091,0
48818,0
67266,0
36542,1
45266,0
11217,0
16952,0
38261,0
47260,0
45486,0
14468,0
12025,0
13718,0
25758,0
63997,0
47381,0
29783,0
72161,0
18978,0
45160,0
48569,0
47104,0
724,0
75465,0
19988,0
71148,0
68402,0
62521,0
57289,0
61594,0
21344,1
26268,0
47727,0
53297,0
56921,0
56324,0
5385,0
57062,0
28932,0
9329,0
50158,0
72873,0
25711,0
54971,0
52949,0
4510,0
40228,0
68584,0
36635,0
43815,0
45146,0
68421,0
67344,0
59970,0
7465,0
5771,0
70349,0
51004,0
6963,0
23764,0
32487,0
33324,0
18819,0
622,0
21325,0
15171,0
40454,0
72292,0
34742,0
72143,0
13564,0
60216,0
55579,0
11723,0
25280,0
26598,0
54008,0
29766,0
44335,0
75688,0
53523,0
68315,0
78154,0
60421,0
68706,0
26581,0
1727,0
22046,0
57486,0
39313,0
37152,0
78078,0
41717,0
36896,0
54892,0
34702,0
56621,0
31356,0
30637,0
31446,0
62984,0
35575,1
829,0
26092,0
76914,0
5687,0
9747,0
37311,0
7515,0
27979,0
27024,0
24596,0
12001,0
66394,0
64608,0
40784,1
21709,0
22411,0
58133,0
77384,0
64646,0
72956,0
30416,0
13119,0
1345,0
6335,0
20405,0
60759,0
33216,0
15780,0
20042,0
29105,0
48606,0
4454,0
66021,1
19560,0
53012,0
69659,0
62054,0
4792,0
58659,0
46792,0
75652,0
54375,0
59023,0
16842,0
6381,0
57513,0
74505,0
10356,0
40153,0
68277,0
55262,0
77223,0
7288,0
27184,0
68058,0
3850,0
50314,0
21088,0
5292,0
5681,0
68949,0
31207,0
78158,0
49705,0
73257,0
77584,0
16205,0
33565,0
35411,0
33571,0
25705,0
3361,0
31616,0
57549,1
36607,0
50444,0
77320,0
20164,0
14161,0
1833,0
66396,0
14108,0
25628,0
75013,0
42903,0
41797,0
15631,0
9383,0
67300,0
72749,0
52020,0
37307,0
63835,0
65904,0
39766,0
49763,0
2470,0
33179,0
4241,0
45746,0
58362,0
56096,0
2280,0
7700,0
61183,0
70049,0
31098,0
14504,0
40426,0
60605,0
29556,0
76766,0
47211,0
65418,0
78196,0
3904,0
31204,0
40935,0
40363,0
28036,0
7322,0
6290,0
62455,0
31526,0
35239,0
52757,0
56228,0
5326,0
54951,0
43172,1
24108,0
62463,0
17807,0
38516,0
31006,0
8364,0
33784,0
76677,0
49321,0
32266,0
74244,0
7953,0
15097,0
54590,0
57533,0
41960,0
19743,0
51192,0
13673,0
12024,0
43143,0
38695,0
75954,0
32477,0
39249,0
52035,0
27726,1
12704,0
44666,0
62732,0
62684,0
65805,0
71918,0
51810,1
62706,0
61555,0
50460,0
8125,0
6800,0
48161,0
37877,0
40358,0
72911,0
40009,0
10878,0
10691,0
75512,0
59895,0
2549,0
44660,0
42987,0
5505,0
75850,0
19039,0
1672,0
46949,0
52422,0
71954,1
19163,0
7751,0
72145,0
18935,0
69719,0
5401,0
15007,0
44962,0
27932,0
31780,1
10522,1
69460,0
862,0
35234,0
54824,0
57935,0
47072,0
64670,0
57056,0
22107,0
29620,0
27875,0
26315,0
411,1
1434,0
16082,0
10407,0
68005,0
34736,0
10600,0
13921,0
65289,0
29921,0
74882,0
77277,0
52318,0
29586,0
7240,0
67498,0
24915,0
25054,0
26245,0
55756,0
43996,0
46537,0
14858,0
16390,0
38038,0
14927,0
34762,0
37859,0
28562,0
24614,0
59727,1
16797,0
38546,0
42791,0
183,0
7705,0
16527,0
49420,0
18914,0
30547,0
5508,0
68605,0
32955,0
28839,0
72320,0
26666,0
44230,0
25589,0
70530,0
48230,0
43572,0
60413,0
70183,0
64664,0
1967,0
72185,0
2630,0
40421,0
27269,0
24378,0
33283,0
19350,0
45519,0
33376,0
27614,0
53247,0
11606,0
23200,0
13684,0
22857,0
25448,0
7347,0
73357,0
63828,0
77084,0
37148,0
3889,0
2282,0
43468,0
31355,0
48629,0
23747,0
23894,0
45828,0
12235,0
36213,0
27017,0
28859,0
27920,0
32040,0
23410,0
56538,0
32180,0
71521,0
30785,0
51490,0
6657,0
1678,0
48322,0
41158,0
11529,0
18502,0
15154,0
32608,0
73977,0
65052,0
12646,0
61667,0
36678,0
72202,0
50285,0
38406,0
51666,0
21634,0
7785,0
3604,0
51373,0
34481,0
76454,0
55937,0
16409,0
49273,0
37497,1
42451,0
77105,0
22661,0
11027,1
28177,0
20771,0
50964,0
54858,0
47331,0
45959,0
17708,0
47287,0
512,0
48932,1
28075,0
34259,0
42971,0
39386,0
45022,0
18807,0
30839,0
23435,0
23785,0
57147,0
18796,0
38157,0
22162,0
64906,0
28277,0
26890,0
17526,0
32228,0
45616,0
3406,0
28007,0
45401,0
64376,0
10979,0
38432,0
70525,0
21399,0
39593,0
28253,0
26567,0
60335,0
57396,0
9822,0
9208,0
38458,0
34729,1
75045,1
60625,0
11702,0
55979,0
75196,0
37880,0
58786,0
75287,0
31679,0
15303,0
45414,0
56719,0
22331,0
66584,0
54939,0
22679,0
73909,0
19106,0
21610,0
54628,0
15510,0
60038,0
9133,0
73049,0
74299,0
72772,0
6532,0
36966,0
18668,0
63523,0
74245,0
18904,0
53214,0
15787,0
26086,0
21574,0
9526,0
46361,0
50967,0
23281,0
71084,0
23734,0
18832,0
28453,0
34598,0
40714,0
14492,0
16837,0
61061,0
4617,1
61255,0
75078,0
23334,1
69550,0
78238,0
77529,0
4836,0
21942,0
62244,0
11192,0
57873,0
3897,0
76048,0
73712,0
37405,0
73254,0
23709,0
62723,0
25112,0
3494,0
71613,0
32897,0
35548,0
18683,0
59436,0
17076,0
19824,0
33485,0
40341,0
32616,0
22090,0
23807,0
54248,0
73217,1
77770,0
20054,0
1766,0
28984,0
20010,0
5925,0
53467,1
32654,0
37022,0
34130,0
71010,0
38606,0
35963,0
66031,0
37542,1
17806,0
19638,0
40247,0
74689,0
21145,1
7750,0
45615,0
54736,0
5592,0
11852,0
21622,0
56651,1
26418,0
7777,0
18734,0
7423,0
51582,0
20632,0
62228,0
13846,0
19721,0
44459,0
15865,0
37926,0
53452,0
64985,0
40314,0
38322,0
40896,0
42637,0
23172,0
50490,0
21686,0
54528,0
61731,0
60586,0
52113,0
41647,0
56641,0
10736,0
36440,0
77671,0
58313,0
523,0
17871,0
35403,0
32276,0
3557,0
75224,0
36468,0
36765,0
31836,0
65306,0
42676,0
39134,0
66851,0
42759,0
3931,0
40335,0
41437,0
12259,0
19905,0
67537,0
25039,0
3390,0
45716,0
55447,0
61094,0
49528,0
58344,0
9886,0
22535,0
447,0
355,0
7268,0
50907,0
56594,0
47200,0
22070,0
31405,0
67436,0
67046,0
64988,0
21848,0
13769,0
4514,0
56669,0
8045,1
34879,0
38010,0
56672,0
33655,0
50658,0
36250,0
38532,0
8879,0
73974,0
76449,0
25650,0
8617,1
27908,0
23145,0
27814,0
39940,0
77055,0
16704,0
29858,0
56646,0
64830,0
61351,0
58809,0
2561,0
73709,0
50138,0
2676,0
46490,1
69741,0
9038,0
29003,0
65672,0
5388,0
20825,0
41060,0
6616,0
22688,0
43957,0
55318,0
70812,0
24692,0
58752,0
38930,0
1703,0
42905,0
36715,0
18867,0
17411,0
11003,0
5131,0
61268,0
10116,0
17443,0
32829,0
75701,0
13836,0
26347,0
59551,0
57597,0
3068,0
22755,0
14155,0
65041,0
26327,0
31406,0
60585,0
74653,0
9264,0
58956,0
63124,0
51426,0
73537,0
27085,0
39521,0
73348,0
37700,0
46859,0
1792,0
8829,0
22724,0
30885,0
18364,0
18065,0
2373,0
3014,0
21683,0
26427,0
29517,0
65795,0
71406,0
27294,0
28070,0
14017,0
27271,0
77702,0
64352,0
72682,0
18923,0
45259,0
75770,0
23514,1
29135,0
18793,0
68460,0
12152,0
75787,0
67307,0
12905,0
75806,0
57829,0
74896,0
66255,0
5693,0
45455,0
74355,0
61946,0
38236,0
32227,0
65268,0
36792,0
11006,0
32575,0
66353,0
53561,0
29282,1
53996,0
21495,0
57852,0
6122,0
19130,0
57920,0
43140,0
46025,0
6139,0
48783,0
26454,0
42320,0
54408,0
73362,0
32942,0
21675,0
15098,0
66181,0
40186,0
25122,0
12236,0
38027,0
66444,0
5213,0
28870,0
54170,0
55914,0
58146,0
41136,0
4700,1
6214,0
14689,0
16782,0
6207,0
25195,0
60706,0
75977,0
48848,0
46741,0
33338,0
8534,0
52715,0
58440,0
51882,0
4695,0
54206,0
28746,0
37910,0
46779,0
17608,0
27515,0
9942,0
77985,0
8759,0
71403,0
38660,0
24276,0
50290,0
22206,0
35665,0
61527,0
47599,0
1371,0
27833,0
36448,0
76281,0
39217,0
24993,0
38098,0
24304,0
62586,0
59920,0
16891,0
30374,0
51494,0
45324,0
42227,0
35404,0
36824,0
60294,0
5904,0
6910,0
18358,0
24281,0
2084,0
23421,0
28218,0
281,0
27681,0
15403,0
68264,0
58050,0
13316,0
67770,0
72936,0
2612,0
64436,0
71086,0
24078,0
44108,0
7192,0
17762,0
17283,0
58311,0
26513,0
65260,0
28836,0
60463,0
61915,0
52291,0
76265,0
66487,0
16063,0
60689,0
70397,0
50220,0
64863,0
8647,0
32303,0
66000,0
28108,0
10081,0
65597,0
44096,0
59817,0
65854,0
70210,0
71841,0
1983,0
17663,0
28122,0
58090,0
60292,0
25954,0
18217,0
64791,0
24817,0
67785,0
39546,1
66563,0
57553,0
73658,0
72837,0
55183,0
32531,0
47112,0
26562,0
55646,0
1266,0
11753,0
73411,0
66384,0
16370,0
36645,0
34614,0
15218,0
50564,1
72351,0
60431,0
60704,0
22267,0
38326,0
64556,0
69677,0
41329,0
54726,0
8038,0
29477,0
12650,0
61226,0
14078,0
65414,0
68214,0
29942,0
41481,0
65653,0
39679,1
25712,0
70004,0
37678,0
43117,0
53660,0
11650,1
75776,0
23711,0
72256,0
38350,0
31586,0
56716,0
21193,0
10261,0
73861,1
6448,0
3043,0
27745,0
26831,0
5542,0
56709,0
70372,0
15881,0
72871,0
74810,0
43228,0
63977,0
39029,0
67801,0
76089,0
15816,0
55639,0
21219,0
18921,0
7335,0
50178,0
53859,0
33372,0
21122,0
2616,0
15138,0
14780,0
77926,0
9954,0
32756,0
68237,1
66699,0
59198,0
33902,0
35913,0
45666,0
52890,0
76828,0
10752,0
576,0
35980,0
59854,0
23453,0
64144,0
26651,0
62052,0
10375,0
29891,0
54370,0
15090,0
29027,0
9499,0
39831,0
38504,0
67290,0
8982,0
9377,0
62094,0
46135,0
31503,0
22627,0
61498,0
59934,0
72462,0
63593,0
72521,0
14687,0
6305,0
56996,0
60508,0
57357,0
72898,0
49434,0
36814,0
51317,0
60614,0
10709,0
63043,0
75558,0
54817,0
61417,0
42972,0
33174,0
47925,0
41169,0
21814,0
59255,0
50125,0
38416,0
230,0
68928,0
39960,0
70836,0
32764,0
27465,0
62969,0
56050,0
6889,0
10810,0
53968,0
19221,0
54005,0
28497,0
21404,0
57276,0
6347,0
73847,0
24224,0
57350,0
49960,1
59130,0
17403,0
68273,0
10884,0
17690,0
15201,0
16538,0
56952,0
28823,0
62233,0
7188,0
47672,0
64562,0
3710,0
32562,0
29015,0
27361,0
4930,0
77924,0
17286,0
15076,0
1161,0
24456,0
45225,0
4562,0
72718,0
20061,0
44526,0
49762,0
68328,0
14307,0
40922,0
37787,0
8417,0
49969,0
6472,0
26463,0
19264,0
11084,0
68078,0
62866,0
77205,0
23878,0
18268,0
72642,0
17431,0
65384,0
74435,0
66898,0
10630,0
15057,0
66489,0
1275,0
33761,0
17298,0
59416,0
61397,0
33081,0
35916,0
13865,0
31429,0
61691,0
43212,0
1826,0
39578,0
44289,0
41629,0
37599,1
47390,0
20079,0
17359,0
40129,0
43871,0
25229,0
1621,0
6215,0
6115,0
39422,0
63412,0
33566,0
55235,0
77649,0
40331,0
76541,0
60936,0
66919,0
25456,0
46023,0
75074,0
35547,0
34783,0
37912,0
65103,0
49018,0
8955,0
46775,0
23674,0
9525,0
50895,1
40075,0
73303,0
26926,0
22752,0
77367,0
22614,0
49559,0
859,0
17355,0
2200,0
7508,0
29059,0
33688,0
46391,0
30627,0
28123,0
35327,0
66282,0
27293,0
20869,0
23513,0
30628,0
63577,0
35127,0
30566,0
47778,0
13982,0
74303,0
66217,0
67685,0
13274,0
25361,0
42953,0
67169,0
67735,0
68037,0
42263,0
74476,0
14166,0
5729,0
1524,0
40779,0
23351,0
74934,0
30492,0
50850,0
37079,0
38804,0
62546,0
9139,0
40787,0
49807,0
23238,0
58141,0
4898,0
55552,0
10297,0
11827,0
77536,0
12396,0
75773,0
66689,0
48902,0
46633,0
66840,0
66422,0
72456,0
10168,0
48675,0
19961,0
32597,0
61037,0
49811,0
17617,0
21302,0
31687,0
65605,0
36197,0
58550,0
53507,0
37679,0
8835,0
2926,0
12810,0
27686,0
22436,0
31216,0
9434,0
33987,0
48601,0
21361,1
65754,0
44595,0
23108,0
11749,0
60925,0
34975,0
38754,1
1493,0
38794,0
46360,0
59600,0
1107,0
46964,0
17753,0
37257,0
10791,0
35596,0
65140,0
14640,0
27548,0
26826,0
65531,0
72312,0
40969,0
9842,0
55714,0
74649,0
25847,0
40747,0
27926,0
17047,0
35358,0
68272,0
10101,0
12778,0
29941,0
20101,0
13991,0
64963,0
74434,0
28160,0
71118,0
28697,0
46430,0
19239,0
40595,0
47577,0
29997,0
17000,0
40434,0
28985,0
3750,0
22676,0
19408,0
16501,0
30454,0
57891,0
60702,1
37760,0
28601,0
32790,0
72385,0
18073,0
42330,0
69708,0
34541,0
75731,0
29251,0
2578,0
49959,0
54558,0
64745,0
42501,0
78013,0
9482,0
55690,0
66790,0
45968,0
40304,0
4515,0
37696,0
52748,0
47896,0
59732,0
43597,0
50079,0
7414,0
39688,0
55760,0
22931,0
33097,0
50435,0
5817,0
33193,0
22768,0
21768,0
62668,0
62565,0
66427,0
11797,0
13622,0
14296,0
46624,0
20635,0
34414,0
54595,0
18907,0
61097,0
75150,0
54186,0
55301,0
32871,0
29902,0
40351,0
31602,0
67199,0
43279,0
21022,0
39918,0
27915,0
45139,0
17488,0
7208,0
34938,0
4805,0
49633,0
17394,0
49157,0
18264,0
57930,0
4598,0
66228,0
22524,0
20688,0
2319,0
3370,0
15999,0
76769,0
16839,0
33513,0
213,0
70182,0
10549,0
59818,0
21776,0
61343,0
31760,0
50516,0
75318,0
48699,0
4117,0
4050,1
67239,0
71808,0
66146,0
29805,0
73368,0
38500,0
64733,0
15546,0
24552,0
24326,0
66382,0
5115,0
47363,0
30946,0
76169,0
59127,0
60685,0
53342,0
16422,0
8569,0
2076,0
34311,0
25332,0
62748,0
77613,0
6906,0
77735,0
32886,0
53356,0
28508,0
24110,0
46723,0
30046,0
25242,0
18666,0
29202,0
6786,0
55853,0
14131,0
65529,0
33694,0
34182,0
77046,0
44114,0
61809,0
759,0
54171,0
77117,0
57501,0
77072,0
24694,0
37538,0
64411,0
55088,0
56180,0
69781,0
39664,0
3871,0
58173,0
46401,0
39781,0
52849,0
39724,0
34363,0
11443,0
44398,0
32820,0
3277,0
8350,0
19829,0
30318,0
20481,0
53656,0
62330,0
6904,0
65537,0
3149,0
71052,0
18192,0
33387,0
36957,0
70579,0
44035,0
46609,0
4498,0
74840,0
29118,0
29861,0
35153,0
38381,0
74768,0
73866,0
50890,0
35823,0
75046,0
45680,0
56614,0
2796,0
68881,0
36489,0
6768,0
62097,0
54937,0
21825,0
76570,0
10564,0
20011,0
3511,0
44605,0
31147,0
43430,0
17469,0
28231,1
21544,0
44579,0
72452,0
78211,1
12612,0
7819,0
76500,0
7439,0
17086,0
5730,0
49622,0
16084,0
64596,0
6188,0
13907,0
3248,0
50297,0
75594,0
45054,0
65663,0
69656,0
75063,0
51448,0
11627,0
46969,0
53960,0
6789,0
77767,0
40205,0
35753,0
49094,0
19969,0
55913,0
40352,0
38883,0
51518,0
2813,0
76125,0
33322,0
63929,0
14527,0
29101,0
26137,0
72924,0
13270,0
28432,0
490,0
35274,0
5963,0
7619,0
34334,0
77098,0
32077,0
11896,0
32749,0
30163,0
46236,0
41387,0
4118,0
64639,0
9364,0
13066,0
27478,0
46425,0
14974,0
697,0
23144,0
15946,0
67177,0
39498,0
73590,0
62182,0
41649,0
76588,0
8757,0
62091,0
55521,0
43857,0
22700,0
36434,0
48776,0
41844,0
14349,0
72569,0
24686,0
3107,0
25802,0
74383,0
76416,0
20776,0
18849,0
26179,0
9190,0
56949,0
4096,0
63078,0
49653,0
71799,0
60815,0
46130,0
48325,0
39592,0
43587,0
842,0
72096,0
48254,0
26000,0
17843,0
51398,0
48334,0
35668,0
45933,0
53186,0
58380,0
46584,0
70147,0
33615,0
7255,0
76911,0
18057,0
61954,0
70134,0
29428,0
48486,0
61368,0
38838,0
67528,0
59810,0
15681,0
13964,0
41370,0
73052,0
56280,0
25443,0
31549,0
65270,0
39158,0
48584,0
17350,0
45232,0
35445,0
18554,0
34457,0
39603,0
56456,0
38463,0
9132,0
24681,0
188,0
35908,0
28953,0
76250,0
45396,0
43092,0
6059,0
53677,0
35965,0
48765,0
69323,0
29532,0
46046,0
72424,0
47156,0
45672,0
5779,0
67296,0
72850,0
76134,0
11182,0
43302,0
65192,0
64429,0
37012,0
77279,0
46469,0
51554,0
16944,0
54430,0
26619,0
63555,0
51428,0
62882,0
2229,0
3094,0
70960,0
2272,0
47439,0
48157,0
22697,0
32828,0
63650,0
47886,0
50917,0
46882,0
14033,0
4489,0
61805,0
62037,0
12303,0
28858,0
2149,0
33360,0
43061,0
53807,0
29326,0
12661,0
28891,0
56453,0
73065,0
3737,0
42864,0
61564,0
72802,1
52118,0
62924,0
59034,0
65413,0
75703,0
16336,0
71989,0
48613,0
25022,0
23557,0
76857,1
63192,0
44075,0
5472,0
19315,0
48304,0
37203,0
63722,0
26305,0
285,1
24847,0
33506,0
58597,0
72177,0
55326,0
22427,0
20189,0
49979,0
67021,0
62560,0
74068,0
23356,0
61592,0
6652,0
52365,0
72405,0
48249,0
16824,0
49721,0
31788,0
33862,0
29156,0
5690,0
69461,0
50803,0
23949,0
71479,0
28468,0
11218,0
44503,0
51703,0
19676,0
18932,0
75211,0
65568,0
38028,0
77606,0
61427,0
40068,0
48983,0
2020,0
24251,1
69900,0
3584,0
36868,0
73342,0
58765,0
58217,0
10126,0
53694,0
1876,0
5109,0
70213,0
66276,0
55719,0
38653,0
47904,0
31615,0
49010,0
20699,0
69691,0
17950,0
44996,0
5288,0
26640,0
45789,0
21426,0
55393,0
34333,0
31396,1
77766,0
57666,0
71178,0
41639,0
37838,0
25302,0
56573,0
66187,0
45174,0
66124,0
66933,0
13233,0
22973,0
21831,0
46689,0
53536,0
32390,0
49025,0
62322,0
53169,0
9635,0
7739,0
34703,0
15763,0
50802,0
66545,0
995,0
52838,0
22834,0
48046,0
62854,0
48189,0
27203,0
30966,0
62127,0
51231,0
43023,0
70052,0
43981,0
58951,0
37492,0
33810,0
63155,0
51219,0
71235,0
550,0
65081,0
21303,0
6068,0
7047,0
46017,0
18010,0
62386,0
62099,0
46450,0
40118,0
42360,0
36368,0
14720,0
19186,0
55302,0
32681,0
53,0
5861,0
19566,0
6182,0
38860,0
77441,0
43917,0
7962,0
76675,0
77857,0
28581,0
57410,0
41133,0
53215,0
39368,0
78197,0
1585,0
34653,0
18925,0
67461,0
9766,0
48525,0
35064,0
7823,0
44654,0
77241,0
36016,0
72389,0
49470,0
66363,0
1964,0
28351,0
18617,0
1940,0
21956,0
39082,0
70062,0
3796,0
47165,0
28783,0
24924,0
59022,0
38879,0
4806,0
26683,0
8164,0
74106,0
12472,0
5069,0
60988,0
896,0
19898,0
37951,0
71535,0
33702,0
4185,0
13898,0
15729,0
59264,0
53477,0
25218,0
55241,0
62473,0
73051,0
32373,0
8059,0
69327,0
47944,0
33415,0
45002,0
20094,0
460,0
72800,0
71244,0
63061,0
21524,0
34866,0
76720,0
6499,0
42474,0
13076,0
53642,0
30073,0
74645,0
4889,0
22362,0
56713,0
66843,0
5351,0
45310,0
57542,0
35582,0
32587,0
50794,0
50503,0
9968,0
53884,0
28525,0
47192,0
27593,1
17740,0
37349,0
8546,0
9999,0
46393,0
1241,0
64145,0
73680,0
11965,0
58660,0
48030,0
60522,0
49505,0
73080,1
75535,0
53259,0
53003,0
67742,0
69089,0
70233,0
28686,0
22210,0
22157,0
22017,0
39078,0
49698,0
29530,0
7574,0
24263,0
34846,0
1340,0
30098,0
43751,0
36599,0
35810,0
58153,0
22760,0
44919,0
65332,0
34398,0
36244,0
59946,0
36899,0
42359,0
38165,0
50868,0
2101,0
37320,0
41986,0
28477,0
2138,0
15378,0
69578,0
69121,0
26152,0
57065,0
33146,0
44673,0
17811,0
59968,0
61652,0
52693,0
40503,0
75006,1
63921,0
25612,0
40672,0
42357,0
39395,0
64662,0
10571,0
26277,0
58893,0
50332,0
76598,0
58345,0
6840,0
5416,0
62937,0
64313,0
6307,0
39059,0
58806,0
53410,0
15742,0
74763,0
44349,0
50019,0
1002,0
43324,0
37719,0
56040,0
60675,0
5033,0
12183,0
44431,0
52363,0
38673,0
36531,0
16317,0
67687,0
1584,0
46132,0
54478,0
51719,0
25479,0
64481,0
29421,0
8610,0
72263,0
46983,0
33714,0
24262,0
28155,0
73382,0
41029,0
48247,0
75940,0
19496,0
65828,0
32431,0
48736,0
64240,0
4716,0
63259,0
3762,0
34382,0
50291,0
68195,0
66236,0
74346,0
17136,0
5966,0
73812,1
40445,0
63505,0
37674,0
63642,0
6187,0
67932,0
46240,0
42767,0
73041,0
15765,0
9170,0
74178,0
42493,0
60971,0
68452,0
10787,0
72113,0
53778,0
40037,0
12992,0
26544,0
40372,0
61345,0
9293,0
55450,0
55259,0
60734,0
27299,0
61697,0
26328,0
33806,0
62274,0
36994,0
31115,0
9519,0
1358,0
59787,0
38043,0
77290,0
41120,0
43785,0
66817,0
31855,0
54968,0
73717,0
51113,0
18381,0
35776,0
56446,0
78284,1
70045,0
1965,0
68948,0
48981,0
26254,0
35441,0
27982,0
72894,0
37728,0
58587,0
49147,0
57225,0
5632,0
47742,1
62237,0
47399,0
30395,0
53221,0
35180,0
3027,0
3869,0
74654,0
26625,0
40778,0
74148,0
58819,0
26256,0
36212,0
53284,0
53768,0
5733,0
9470,0
57773,0
16586,0
30253,0
69676,0
1451,0
73050,0
61291,0
39042,0
12426,0
20560,0
3979,0
30121,0
19752,0
28993,0
63116,0
36852,0
13369,0
42575,0
36115,0
76716,0
41888,0
65502,0
50848,0
20561,0
21749,0
64539,0
2921,0
37209,0
8583,0
51606,0
71895,0
33511,0
22797,0
64849,0
63095,0
62975,0
27475,0
73744,0
71145,0
27871,0
77922,0
10935,0
23087,0
28912,0
23002,0
60898,1
47847,0
23280,0
74139,0
9537,0
21378,0
20880,0
60315,0
48660,0
69336,0
70454,0
2040,1
26583,0
3265,0
34804,0
48373,0
64095,0
73719,0
27462,0
21247,0
66538,0
43452,0
67521,0
104,0
42174,0
37941,0
72245,0
20692,0
39651,0
17379,0
36603,0
61252,0
26132,1
68377,0
14162,0
25435,0
56717,0
3137,0
35845,0
25892,0
17800,0
34520,0
41191,0
3114,0
23554,0
37737,0
76252,0
5318,0
42664,0
2333,0
64634,0
77330,0
54881,0
70490,0
36275,0
4759,0
47979,0
28370,0
33131,0
25835,0
68383,0
49975,0
1648,0
65939,0
11686,0
29755,0
23716,0
11326,0
18110,0
41580,0
25075,0
36706,0
58539,0
9353,0
42329,0
21482,0
42443,0
8078,0
73369,0
40850,0
48128,0
50808,0
41062,0
31445,0
18512,0
76648,0
42814,0
62435,0
51860,0
43829,0
57718,0
20966,0
55278,0
23055,0
1877,0
29753,0
26646,0
41193,0
9516,0
54465,0
6967,0
57403,0
3680,0
60460,0
16240,0
66727,0
1113,0
28962,0
54454,0
27964,0
65507,0
75774,0
33107,0
66663,0
71581,0
41755,0
4778,0
12194,0
9096,0
15863,0
41126,0
58137,0
66617,0
69556,0
48466,0
27029,0
46099,0
6859,0
2546,0
21758,0
20508,0
37903,0
47769,0
38851,0
58442,0
19057,0
35233,0
56042,0
62288,0
36358,0
10967,0
23230,0
69373,0
31524,0
33793,0
69248,0
16649,0
36855,0
22358,0
74811,0
72810,0
71667,0
17144,0
57334,0
21885,0
9774,0
59988,0
41540,1
56300,0
53976,0
75642,0
29564,0
41409,0
54929,0
75112,0
1580,0
33711,0
54783,0
71751,0
67293,0
31573,0
45644,0
70757,0
50322,0
48103,0
2094,0
20643,0
47400,0
45196,0
49510,0
18399,0
66351,0
34469,0
5025,0
64029,0
34983,0
25921,0
38113,0
63873,0
30719,0
39222,0
1157,0
46261,0
51711,0
68246,1
57728,0
27669,0
42757,0
20199,0
60711,0
51119,0
64399,0
6360,0
62269,0
59462,1
64216,0
30425,0
9378,0
7441,0
60359,0
44716,0
36767,0
24363,0
36794,0
24770,0
21031,0
66474,0
72693,0
38442,0
28084,0
43113,0
55536,0
8222,0
26032,0
58278,0
25204,0
10231,0
19804,0
17301,0
55386,0
21541,0
76846,0
24222,0
40960,1
51944,0
66242,0
67285,0
50309,0
53409,0
761,0
68190,0
34098,0
74701,0
70955,0
26642,0
12190,0
32905,0
3288,0
43189,0
19800,0
75367,0
70138,0
47018,0
45499,0
12244,0
6546,0
74526,0
1574,0
47234,0
48502,0
3995,0
25843,0
35795,0
58665,0
30561,0
72466,0
2457,0
8428,0
50606,0
63245,0
14802,0
16327,0
22558,0
74458,0
50723,0
47187,0
30894,0
67387,0
75635,0
2723,0
12804,0
45700,0
9113,1
26722,0
73384,0
1848,0
20487,0
23389,0
48792,0
16661,0
32299,0
17684,0
71409,0
9612,0
72977,0
48437,0
40302,1
54703,0
78021,0
15771,0
22124,0
18594,0
41564,0
19507,0
46207,0
72512,0
14352,0
64183,0
38837,0
69786,0
38814,0
52411,0
97,0
71366,0
14721,1
41155,0
28558,0
55971,0
23602,0
14173,0
30297,0
27134,0
14094,0
54523,0
19335,0
23237,0
48203,0
7461,0
33021,0
70040,0
17243,0
73779,0
10587,0
25945,0
35289,0
8266,0
55165,0
2822,0
52023,0
4894,0
37639,0
43376,0
45819,0
18335,0
41848,0
37531,0
51843,0
33008,0
7712,0
60123,0
50846,0
38772,0
70922,0
20480,0
16417,0
30406,0
9807,0
53655,0
16778,0
8543,0
1069,0
7922,0
16687,0
64516,0
21509,0
76554,0
42507,0
60389,0
75542,1
13097,0
28073,1
26359,0
4734,0
27327,0
27744,0
54984,0
65541,0
3807,0
40135,0
28447,0
31959,0
75244,0
63917,0
63176,0
54564,0
77901,0
15621,0
31885,0
18301,0
75628,0
39040,0
36833,0
35642,0
34252,0
10577,0
30475,0
36663,0
10139,0
49532,0
63712,0
76608,0
67519,0
46804,0
39538,0
25282,0
45262,0
76666,0
54453,0
38245,0
76585,0
16324,0
41782,0
26669,0
20793,0
59915,0
39931,0
57315,0
17836,0
39458,0
19844,0
38137,0
13120,0
7183,0
65548,0
7350,0
67255,0
258,0
14947,0
14597,0
40720,1
35177,0
23477,0
6509,0
30613,0
76931,0
1440,0
23224,0
46341,0
78194,0
37214,0
47622,0
42356,0
7735,0
42707,0
35323,0
67712,0
18036,0
19624,0
14967,0
42593,0
57720,0
47914,0
20514,0
4056,0
60004,0
53154,0
60823,0
50752,1
51131,0
42401,0
16066,0
66333,0
71322,0
26822,0
64806,0
35370,0
53500,0
68397,0
18027,0
17185,0
36549,0
55826,0
50287,0
12733,0
59938,0
36023,0
59687,0
23712,0
3373,0
6479,0
9080,0
25433,0
5781,0
44810,1
35378,0
28905,0
8191,0
25599,0
50334,0
25226,0
56767,0
57269,0
37191,0
58915,0
22777,0
40517,0
42256,0
42007,0
40887,0
57029,0
69084,0
3770,0
35049,0
62746,0
14197,0
72218,0
38805,0
61604,0
49462,0
69928,0
9450,0
57165,0
924,0
7589,0
46419,0
36415,0
56367,0
22053,0
15434,0
11538,1
49942,0
1185,0
39530,0
40984,0
44300,0
15376,0
66026,0
32789,0
67560,0
66902,0
18843,0
18825,0
58450,0
2224,0
20373,0
54237,0
76498,0
49850,0
22957,0
19060,0
18912,0
10199,0
57660,0
66926,0
60357,0
19301,0
27946,0
51988,0
61761,0
25907,0
60058,0
65784,0
74766,0
53582,0
24225,0
1214,1
22006,0
3936,0
49168,0
65005,0
55077,0
77363,0
76459,0
35957,0
13819,0
68422,0
29267,0
74911,0
5855,0
48594,0
7754,0
21850,0
70973,0
8430,0
26411,0
27226,0
13745,0
73848,0
78257,0
17651,0
44250,0
68242,0
77069,0
70965,0
55583,0
11596,0
10797,0
65602,0
45474,0
51450,0
24895,0
20031,0
17418,0
47939,0
48259,0
72375,0
35599,0
48643,0
63113,0
43843,0
24851,0
38738,0
60480,0
48925,0
20384,0
45381,0
22664,0
65032,1
5405,0
62076,0
58220,0
78032,0
56193,0
60980,0
78023,0
75166,0
48907,0
25210,0
8783,0
69143,0
58,0
32109,0
68959,0
5525,0
76637,0
26785,0
67051,0
11174,0
7091,0
23308,0
61260,0
57568,0
17540,0
65774,0
15167,0
27555,0
62407,0
43839,0
12585,0
9707,0
46687,0
61384,0
277,0
56589,0
19197,0
77773,0
54975,0
40798,0
75571,0
15745,0
63892,0
55129,0
18111,0
5142,1
37819,0
2497,0
4383,0
56420,0
8771,0
26747,0
29979,0
30458,0
16716,0
5364,0
22844,0
31982,0
11296,0
68513,0
64759,0
30985,0
44496,0
48647,0
69449,0
11882,0
58791,0
7264,0
77939,0
56025,0
12970,0
54734,0
50438,0
70350,0
77382,0
29886,0
27943,0
60108,0
2274,0
31127,0
29784,0
72612,0
70434,0
46794,0
28902,0
7519,0
66657,0
65815,0
45177,0
40106,0
74179,0
36091,0
53974,0
42025,0
58060,0
34605,0
17665,0
44362,0
53946,0
21314,0
45467,0
27565,0
75477,0
71160,0
34870,0
17809,0
33017,0
32219,0
61576,0
6275,0
37138,0
20718,0
76798,0
75741,0
42103,0
20331,0
68683,0
18263,0
76341,0
50746,0
67780,0
29843,0
46266,0
50311,0
29224,0
61115,0
76285,0
68601,0
14572,0
13638,0
8993,0
76512,0
27884,0
7463,0
32283,0
31991,0
45654,0
32445,0
31305,0
15955,0
66668,0
40270,0
70632,0
13127,0
28015,0
52350,0
75704,0
22854,0
53325,0
36322,0
51485,0
14095,0
67549,0
42918,0
64586,1
19171,0
40006,0
52534,0
33523,0
19093,0
43219,0
22916,0
77067,0
75167,0
38396,0
12861,0
18681,0
34927,0
70070,0
27257,0
48729,0
43116,0
1270,0
73630,0
14077,0
47875,0
76944,0
58353,0
72279,0
58849,0
3253,0
55630,0
56508,0
10811,0
23417,0
46822,0
56526,0
1510,0
7066,0
13335,0
39671,0
42069,0
36364,0
52591,0
58478,0
59237,0
13777,0
32509,0
77937,0
32795,0
6134,0
33391,0
34797,0
35677,0
20187,0
21908,0
44839,0
70488,1
7493,0
69604,0
67194,0
50398,0
43425,0
19630,0
17030,0
74841,0
59055,0
33090,0
20958,0
68731,0
37924,0
18186,0
18566,0
53026,0
25615,0
69947,0
14695,0
68427,0
29740,0
65835,0
4243,0
68125,0
40872,0
44805,0
23348,0
31017,0
46291,0
22315,0
8820,0
29588,0
19185,0
24742,0
67761,0
34087,0
20928,0
63746,0
20998,0
61587,0
55044,0
6746,0
58410,0
43391,0
19521,0
66299,0
64961,0
6419,0
27869,0
16181,0
54125,0
59354,0
73726,0
55120,0
29598,0
60676,0
13155,0
73400,0
14097,0
4741,0
41210,0
25667,0
1413,0
56102,0
68482,0
25639,0
28761,1
1535,0
21880,0
28652,0
48330,0
66890,0
53858,0
71524,0
54301,0
11072,0
77243,0
2886,0
7053,0
45792,0
47609,0
37153,0
73193,0
5084,0
7880,0
70481,0
23328,0
54686,0
70985,0
62504,0
45144,0
15492,0
63486,0
27974,0
43520,0
63963,0
23642,0
8127,0
34005,0
39487,0
53499,0
65037,0
16881,0
27072,0
45254,0
19996,0
12008,0
69990,0
42321,0
43942,0
6503,0
6002,0
24541,0
16335,0
71594,0
40240,0
41874,0
62839,0
62150,0
72833,0
56049,0
27364,0
40437,0
5201,0
55754,0
45685,0
60545,0
37340,0
56893,0
63723,0
73186,0
3369,0
69754,0
20613,0
27493,0
65711,0
41170,0
44357,0
2914,0
56090,0
56664,0
63240,0
45846,0
21704,0
11432,0
32536,0
57115,0
62174,0
34045,0
33082,0
4153,0
7499,0
20179,0
17937,0
43401,0
7009,0
25492,0
13133,0
18977,0
62401,0
12284,0
36559,0
40116,0
43065,0
17669,0
49414,0
18596,0
1758,0
67603,0
65571,0
39532,0
69831,0
45964,0
16521,0
67865,0
10308,0
44837,0
62941,0
66434,0
32906,0
42738,0
71464,0
35966,0
27194,0
73330,0
27170,0
7542,0
40839,0
41890,0
24802,0
56910,0
4393,0
395,0
66892,0
43561,0
55631,0
34844,0
55985,0
41066,0
37949,0
25415,0
3006,0
75544,0
32976,0
65101,0
14688,0
47469,0
63727,0
7608,0
50379,0
9835,0
17778,0
30597,0
808,0
68658,0
58565,0
43620,0
35661,0
68343,0
76571,0
57684,0
45652,0
60852,0
55212,0
65726,0
38757,0
75877,0
50401,0
11243,0
53400,0
23034,0
76967,0
45025,0
57901,0
74014,0
3326,0
27808,0
9593,0
39662,0
2784,1
10681,0
4951,0
9824,0
28659,1
29205,0
9511,0
36152,0
8415,0
70628,0
75213,0
68573,0
25980,0
70521,0
48917,0
45747,0
69664,0
70347,0
34465,0
20249,0
52333,0
29506,0
70952,0
31640,0
17343,0
24215,0
5300,0
36338,0
16497,0
18472,0
1569,0
69823,0
6453,0
3025,0
30214,0
43789,0
40865,0
36053,0
42430,0
21762,0
50880,0
29961,0
17282,0
29131,0
57700,0
58508,0
26191,0
42573,0
4176,0
18068,0
38071,0
50633,0
37698,0
51594,0
51513,0
67395,0
66536,0
41189,0
55601,0
3075,0
19288,0
59864,0
42024,0
52199,0
65834,0
45282,0
58174,0
46926,0
25985,0
2321,0
16551,0
68069,0
1743,0
24261,0
49649,0
73681,0
15216,0
15591,0
25957,0
37264,0
12160,0
35871,0
63815,0
33043,0
3438,0
15811,0
14206,0
14530,0
41380,0
69915,0
18698,0
38902,0
78265,0
42143,0
72348,0
49379,0
16457,0
33551,0
50530,0
48644,0
10202,0
61435,0
40780,0
61769,0
10886,0
10957,0
7472,0
65130,0
58766,0
73366,0
57152,0
43129,0
41472,0
41777,0
64614,0
12953,0
43070,0
32364,0
69477,0
61222,0
2939,0
11228,0
57200,0
43112,0
18565,0
59344,0
69136,0
16130,0
50399,0
35016,0
43501,0
40977,0
2171,1
25498,0
17864,0
14395,1
32245,0
29787,0
78219,0
75777,0
60165,0
43848,0
70304,0
34387,0
28190,0
16622,0
42855,0
30850,0
35583,0
65808,0
53193,0
61422,0
47717,0
33460,0
34345,0
24752,0
32843,0
68718,0
19115,0
48013,0
50624,0
66818,0
47153,0
23742,1
32596,0
6570,0
13074,0
59015,0
39084,0
38821,0
68508,0
10567,0
44763,0
51200,0
9322,0
48139,0
40481,0
59160,0
9313,0
18380,0
21920,0
33758,0
50824,0
70162,0
10235,0
2700,0
69488,0
11170,0
52901,0
10743,0
68036,0
27710,0
60818,0
65060,0
61033,0
56111,0
14973,0
57487,0
3264,0
21536,0
77835,0
54122,0
35258,0
74542,0
71698,0
41913,0
31376,0
42810,0
70367,0
43334,0
2327,0
76702,0
12138,0
67463,0
77722,0
60124,0
7271,0
51754,0
35139,1
42579,0
51851,0
27510,0
10169,0
70504,0
68255,0
6175,0
75273,0
12830,0
55250,0
76379,1
76019,0
74055,0
48397,0
43779,0
47719,0
15696,0
70571,0
5863,0
75288,0
53416,0
29462,0
10172,0
44980,0
39693,1
24854,1
57663,0
5950,0
71556,0
1604,0
19762,0
77421,0
70340,0
66080,0
59702,0
3744,0
19439,0
2395,0
12206,0
60376,0
48521,0
36610,0
33593,0
26176,0
2322,0
1455,0
7445,0
54787,0
45127,0
61718,0
42107,0
4318,0
25478,0
30070,0
5394,0
12274,0
36826,0
60021,0
37299,0
42882,0
528,0
55637,0
73546,0
33641,0
17025,0
48759,0
4703,0
5485,0
48565,0
75467,0
47428,0
11772,0
15341,0
38022,0
154,0
4333,0
68079,0
7162,0
73223,0
60911,0
1046,0
68029,0
27242,0
18634,0
7486,0
67853,0
21771,0
24624,0
27902,0
12918,0
46000,0
71310,0
34272,0
33874,0
23981,0
26344,0
8747,0
64115,0
1705,0
76516,0
15040,0
13544,0
26417,0
22952,0
12662,0
10044,0
29017,0
21415,0
17311,0
76757,0
5732,0
33557,0
65806,0
46903,0
790,0
8126,0
23817,0
224,0
10768,0
53527,0
46912,0
61143,0
50056,0
28884,0
71172,0
48517,0
67167,0
29538,0
44845,0
18075,0
53353,0
46569,0
60834,0
424,0
46080,0
43860,0
44498,0
50190,0
50155,0
25742,0
69683,0
72758,0
45954,0
32754,0
35798,0
2273,0
38700,0
55636,0
15393,0
74078,0
18346,0
19028,0
26564,0
51546,0
14168,0
23325,0
35076,0
66555,0
78141,0
9742,0
62778,0
1563,0
14603,0
17020,0
31908,0
73933,0
15232,0
29448,0
24619,0
24428,0
9155,0
17548,0
30796,0
23305,0
7583,0
26679,0
6201,0
32224,0
18203,0
52334,0
76747,0
41751,0
64286,0
21005,0
45977,0
67464,0
60434,0
22745,0
58409,0
70785,0
27204,0
15224,0
25684,0
5452,0
52353,0
67029,0
20855,0
38823,0
29019,0
58481,0
17199,0
52083,0
27714,0
16026,0
51769,0
70977,0
24273,0
39060,0
7077,0
55939,0
36820,0
405,0
68870,0
57044,0
20441,0
54658,0
40249,0
53291,0
48366,0
77811,0
28613,0
63120,0
14953,0
26517,0
40821,0
22552,0
14036,0
19279,0
57335,0
72004,0
18851,0
73121,0
44175,0
22396,0
46640,1
5890,0
12347,0
15767,0
18522,0
7416,0
54060,0
51215,0
57322,0
65674,0
34030,0
54150,0
20570,0
10138,0
26173,0
14429,0
67935,0
28642,0
24118,0
18841,0
16445,0
30217,0
65765,0
16766,0
40903,0
56656,0
43872,0
32995,0
22707,0
65429,0
51383,0
55030,0
70366,0
57674,0
73255,0
61754,0
30477,0
72190,0
27155,0
15959,0
72900,0
57683,0
55174,0
51115,0
50134,0
59775,0
14408,0
4351,0
59625,0
29379,0
67979,0
61451,0
73871,0
52090,0
18488,0
59673,0
39410,0
11837,0
78278,0
27284,0
49291,0
47537,0
53478,0
25600,0
45409,0
1186,0
5973,1
